00011100000000000000010001000000001001010001110000000100100000110101100000010001001000101000000011010101010000001101011101100101000000010000100011100001000101000101001010000010000001100101001001101010
00011000001000000011000100000000110001000000000000000011001010000011001001001100000010100011100010011011100100001000000100010001110101000000110000011100000001010000000000100011000000000000011000010101
00111001010010010010000010001100000000000000100010000110000001000001010000001001110100110000000101000010010000110000000000001111000110010110110000000101000001000000000100100110000110010010011011000001
10000000011100001000000100101000111000000000001001100100001100001110110110010010010000010001000000000100010010000000000001100100000001000100000000011011000010011011101111010101101001101100000000000000
10101010100010100001000001100001000110000010001000101000000100011011000000100110000001001101000000001110010000000100000000000100101010100100010001110000001100000000000010110100000100000010000000100100
00001000000100000011001110000110010011011101100110000000001000001110000011010100000001000001010111000001110001000101000010010000001000010100001001011101101000010000010000000010100011000000001011100100
01000000010010100100100010100101000010000000000010011000001110000010001000101100100100111000011010110110000010010000110100010111000000001100000011000001000110100011010100101111000110000010101000000000
00000001100000000011010001100001000110000001000100001110000010000000110010000100000011100001000100010001000001010000000010100001000010001010010100000000000000010010000010000101000000100100000001101000
10000100000000100001001000100001010000001001000100101010010000101001110011110100010100110000010000011011000000000110000100001010100001001000010001110000110000010001100111011100110101010000110101010000
00000001001011010001010000011000001001010000110010001100000001010010000101001000000000000100001010011000110100100100000100011010000000100001101100101110000111000000100010001000100001110010001010011010
11101000100011110111010000010000101011001000100010110101000101101001011000011001001001100110000101000001011100011010000000101000000101010011110011100010110001100010000101001010001100110010000111110011
10001000010001100111100001000110010100011011000000110000001101000000100010001000001000000010101000001000011100011010001101100101111110101000110001001010001001000010101110010000000000010100100000001011
01011100000010000100000010101110101010001000000000000000001100001100100101000100011000010100001100010110000001010110000100000010000110010100110110110010001110010010000000100000000001010000001000000000
11000100111000100100011101001100010010001010000100001000010010000110000000000001110100000011010001000010011011000011001010011100011000011010110101000010000011010010011000100100001010100000101000000011
00010010001000001000001000001011000000110100100010011101100100000010101000001101000000000000010000100010101010000000001010001100000001001001001000100100001000000000101101000100100010000000100011000011
00000000001100010110000110000000011000000111101000000000000110010000010000001001000100010011000101011000000010100010100010000110010000100000010010000000000000001000100110101000000000000010100000000010
00001000010000011110110100000000110000000011000001101001000000010000010100101010001010010000000010101001010001001000000111000010000111010100100000011000010000011000000000010001011011000100001010001000
01001010010011000000000001100000000010000000000010110001000000010011001000101010010110100010010010000110001000000001000001000001010001100000011100110000101110001000100010110010011100000000011101001111
01100011010000000010110000100100110100000110000000000000000110111010001000000000100001001100000010010100001001101000100001100001001001011100000001001001100010000000100001000100000000000001010000100110
11000000001000101110001101110001101010001000010000000010001000111000000000010110011100010010000000010000110010001000011000111001011000100000001100010000000110100010000001001010000110010000100000000000
01010001011000000000001001100010011000100000000010101101010001000001110000010110111000000011101010111010011010101000000001100100001100011000100000010110110010101000100000000000001000000000000100001010
10110100000000001000010111010001000000000010101100000000000011000000100000010101100000000001000000101000010000000010100000010001010100110100000100101100000010110110000011001000010101000011000010000011
01100000010011000001000000110101010000001111111000000100001011101100000011010101000000111001000010100101010010110010000100100010001010010000100100100100010000101111000000100001010000100000011000000000
01010100011000101010101001000000000100110001000100011101010000000000001111101111010001000000000100110010000010001000001100000000110000000010000010000101000100111000100000010101001010010011000000000000
11000000100110100000001000110011010000110010000010100001000001100100010100001000000110110001000101000000000110000011100100010000011010110011101000010000001001110110011111010000000001011011100100011000
00110010001011001100001011010001000011010001000001110100000101000110010100000000001110000110000000101001101001000000011001110010011101100000000001011000000000101010001001000100010010001000100010010100
00000001000010100001100010000100000000100100111110100100010001111010010100000000100000001100000100101110000000000000000000110110011010100110010001000100101100000000001000100110000110000010000010100101
10001000010011010011000010000000111000100000010100001001111000000011000000001000000011001000010111011100010101100100010000000001011000000010000100000100000000010101111000001010000011000000011010110001
00000000000000111101100100100000000000001010100000001010000000111001110100011000010010010001001011010001100100010000000010001010100000000011000001001110000101101000100010001010000000000100100100000100
01100111011100001010001100011001100001000110000001101110111000001001000001001101001010000000010010101000101100000010001000100001011000010000001100000000100100000001000011001000000010100000100000000011
01000110000010000101000001101000001001000001001000101010101000101010000000011000000000001000100100010001111000001001101111001001100000000001010000010000001110110010001001000000000000001110000000100000
01000110100000110100101001000010010000001000110110001001001000010100000010100011000001100010001000000000100000100000011101000100000000010011110010000000100101000100111001100111010100010000000110000000
01010000000001000000000000100101010100100010100000000010010000100000110000011010000100000000000100000101010000000101001010110010100101110010000000110101001001011110000100100000110000100100000000000000
10100110001010100000001100111001000010001110000000010001000000110110000011000001000100110000100100100010100000011001011010010000001001000101000100100000000000000001010000100010101100100101000110000000
01000010101010010001000000000001101010000001011000010100000110000000111100000100000011101101001000010110000101101100110000010000001011010000010101100110101000011000100000010000000010010100100001000010
00001100101110000000100111001011000000001010010000010100000001100111100110000001110011000000001100001000000101101100000100100011010100100111001000110011001100001000101000010010000100011000000000000110
00111100000011000011101000100010010110000100110111101000110001000010000000010011010000000100011000100010010000010010010010000110000000100011001001000000011000000001010010000000000000010000000011000111
10100000100100010000000110011100000010000000110001100100000100000010010001001000011000100010000001001010000000100000000000010000000001110000001001110011010010011001001000001011001000000000010000100100
00100100010000000000000000111010100100000101110010010000010010011101001000010110000010001110010100110000001101111110000111000000111000000011000110100001000001011100001000010011000100100011011100000000
01010111001100110000000100010000000000100000011111000011000000001000010000100110001001001001010000100000010010011010100000111000000010000000000100100010001010110100010000100100110010010001010101000000
00000111000000110001010011000101001100111001111100000100001110000110000000111000000101000100001010001000101010001100001011010011000011001111010000000011000110101000100100101001001001000000010000100000
01110100010000100001000000100011111101000010000001001000100100100100111010100011000001000010000011101010110000101010001100001100100000000100001000000111000001001001101100000011111000000000110101100000
10001000000100001100001011101000000001100110001100100011000000010101101000000010000110100000001001000000000000010010100101010000101110110100000001110100010000000000001110001110000101010010010000000011
10010000100100000000010000111000000001000001010000000001000000000010101000000110000000010000000000000000101001110000101010001010011101010000010100000100000100000010100000011010100010000010101000011001
00100100000000101001001000011100000001010010010100100101000010000110000001000101010100010010110001000000000100000000100001010000010000000100000001000100010000001001001000010100010100001011011010000010
11001000000000100101000000001001100000100001000010000001001000111011000000000010100010101001000000000001000000000101010100101011010100100011100000000100000011001000010000101011000000100101000000101010
00100010000000100001000010001100000001000010000100000001010001000000010001110000000010110100000010000001100100100100000010000110110101010001110001100000000000100001000010010011111100000100011000100011
11000010001100010011001000000011010101000110001001000100011000001101110110001001001001010011001000100000001000100000000010000001010011001001100011111001010010001011110001101010110100100001111000000000
00001000001001001101000100011000100001001011000000010000010110101000000111000010000100000011000000000000100110111000000000000110100010010110110100011011000000001000000001100011111111100011100000001100
00001000000001010000100110000000011010000011100010001000000000111000010000100101000100000000011001101100000010000000101110100000010010001110110001010000100011000110001010000110011000100010000000101010
10011110010010111000100100000010101001000000000011100100100000001000100000000010110111000000110010001010011011011100011010100100000100010100100010110010000000101100100000100010000001000001010100000100
00000000100000010101001001001001001101011000001000110100100000100000000000010011011110001000011010000000100110000000011011000001000100010000100110011010010000100110001101000010000000100100100001000001
10110100101111100101001000000000001001010001000000010001000000111000100010101000011100010000000100000000000101101101000010000100100000110001011000011100001101111010000000110000010111010000100010000111
10000101001010100011000000001100000001100010100000000110110100100100001010100010100010010101100100000010000100001010111111100110000100001000000000010001001110110110000101100100000010000101000010000000
01110001110001000010000100111011000000011000010110010000000000000000000001000110000111010010000011000001101000000000001101000100010010000101001101010000100110001001010110110011100010110100100001000010
10001101001011000010100001000101010010000000100100001000000111100100001101110010000011000011111100010000011011110000110010010100001110101011010000010000010010010100010000000000000011100000000000000000
10000000011101000101001100100000101000100110000111010000011010011100110000100000010100010110000011001110100001000000000100000010001101010110001010011001101110000001010100011001000001000001000001000100
00001101111000101110010000100001011000000100100000000001100001000100100000000000000001100001110111100000100010000000001000100000100101010000100000001000100011010100000000110010010011010011000000100101
00010000000100010100010111100010001110000011000100110000100001110101110101110000001100100111101100011010000000010000000100010001001100010011000000010100000100010000010101001010001110001001000010000110
00000001000000100000010000000000000000000000000110001000101000000000000000011010011010000000000000000010010100010000100000000100100000100010001000010010000011010010001110000010101100100001000001101001
11000000100011101000001110001000001000001010001101110010010110001011001001000001101001011010000001010000001101000100000100000010001000100000101010000101100010100000100011010100100000010000010010000010
01111100000000100100100010000101100000010010000010001010000011000000010010000110110010110000000001000011000000000100000001100010010001010011010000000101000000000001000010110111100100000000000101000100
10001000000000110000001010100100100010001100101001110000001011000010010111110000001001111100000110000000111000000001010000001000001000000000000000000010011000011101000101010100100110000000010010100000
00001100100001000000010000101000100001000011000000110100000111000100000011100100000010010100000100000000000000101000001000000000000011011001010010000000000000000010011010110000000011110000001001000000
10000100110101011100100100100000000000010001001001110010111000101000000001000100001101000010001000000000100000010000001000100000010100001000110010000111100010101001001110001111000101100100101101000010
10011000000110000000000100001010101101000101000100100000000011100011110011010010100010100111100000101000000000001101001000010000000000100001000000000000000110000010000001110011110000001000100110000111
00000001001011011001001000000100100000000011001000000001010000101001010100011011010000100100101000000011001100100010000000000001000100100000001111100000010100100010000101011010100100101000001000011000
01101000011001100000000100000100000101000000001100000000110100010000110011000001001001000010000000000000101000100011001000100010001011000000000000000100000000001001100001100010000010100010000010000001
00000000001100010000101001001000101000001110000000000001100110000000000000010001001000000010000000000010000000001101000100010000111000110100101000101010100110010010100000010010001000000100100010000000
00001000000100000011001000010000000000100011100001000000000000100001100000000000010101000111111110000101000001001000110010100000000000010010110001001101010111111000010101010100010001010010000010001001
10000100001101010111001000101110000001100000000000000010000001001101110010100001110001010010100000000000100100000000000010000000000010001010100110000000011000000110010000010001111001000011000000000100
00000001001000001010110000010010100010000110001000000100110000100000100110100000101000000011000000001111010110001011000000010010110011010000001111000001000100110001000000110101100010110000101001101000
00000100101000000000100100100100011001000010000110011100100010100000010000101000000000010000000000100000100000000010010001110001010101001001110010100101000000011100010001100000001001100110001000000001
00000000000000110001010000011100000011100000000011000000000010100100100100100001101001011000001000010000000000010000001001100000000010001001100010000000000000101000001000000001011101011000100001001001
00001001000011100001001001010000011001000110100010100100001001010000000000000010000000000100011000000000110000000010000101111100001010011111000000010001111100000000100000010111001001011010000001100100
00001101010000011010001000001001100100001110000100101111011000000111100010000100000101100000010000001000001010100000000001000110100000100011010000010000010000010111111101000010000010101000000011010010
00000000010000001111001001011100101110100000001111000100000000010100000000100011100100100100101011001100101010010001110000010101011000010000110001100010001111000000000100010000000001100000111001000001
00000000111000110010100010100101000000001111000110100000011001101100100100000010000101100111010100011000000010000101000011010100010000000000000010000001101000100001000111010000100100010010001001001001
00001010111000000100110001001101011001111010101000100011101000001100011010100100010100110000100000100010010000001111110001000000100100001010000101001101001000011100001000001000100001000110000101100000
11000011101100001000100111010000111101000000000100100100010100000000010110100000111001000000001000000110001010100010000000110100010100000001001000001011010010000001010010100000001000000100011010101100
00100000001000000010000000100100100001010100001010110100110010010001100000010110010000000000010000000011001001101000110000010110011000101101010000010010011100000000000010000000100010000100101001001100
10010101010001010010000000000111010000000001001000010101010110000100001000000001000000010000000001100100001000110000001100000100010001000101001000100000001000000011001000000011001000100000000011101000
01010000010111110001000000000010000001001100000100010001001010011000101110001010110001000000100010000000000001100110100000000000010000001010000000010110001010000001110100011000000010110010001100100000
00100011101000001110000000011110010000000100000001000100001000000000000100010000001000000000000011010101000001000000010000111110101110000111000100001000100000000100001100110000100000100100110010111110
00101000101000100010000110001010011000000111001000110101010000000001100000000011010101010000100000000001101100000110000110000010100001001000101100001100010100001010000000000011011001000001000001000001
01000100101000000001011100001000110000001010011000010000000000001011000110000110100100000100000000101010000000101010000001011100000000101101000001100011000000111110101101001011100010010001110000100001
00001011100000100001000010000010101001100001001001000010000011000010000101000100000000100010000000010000100010100000111010000001000000011101000001001000001100010101000010000000010001011101010001100100
00100101111000000000101001100010101100000001111110101000101000010110101101000010010000010110100000110001010000101100000010010001000000010011010001000000100100000000000100000000011011111000111000000001
00000000110001101100101110001100100011001010001000001001000011100000000001110101100100010000110100001011010010000100001001000000010001000100000010010011010001000000000101001000110000010000000001100010
10010101110000011011010000101000011010001001100010101000000101010010010000000011011000000110011100100000101001100100000101011001100000001001110001101000000100001001110100011001010011100000110110000000
11000001001101010001000101110001000000101001110110000110010100100000010000010000001000010010000100001101100001100110001100111001101000111010010010101011101001111000100010010000010110001000101100100110
00100110100000001100110100000100110011001000001110100001101011000000000000001000000000000000110000010100110101000010001000000001000011011001000001001010111001010101100100000000101010100100011000000100
10100000000000001001000000000101000001000000010011000000101110000010110001000000001000111011010000100010001100010000101111000000001001001100000000001010000000100000000110001011101010111100111001000000
00000010010000010100000011000100000100001001010000111000000000000010110100000000101001001010100000000010011010000111000010011010101000001000000100011100000001100010001100110111001111100001100010110100
01001000000001000110000000000000001001010100010100000010001100000110000100000001000011011000000000010000000000110000100000100100001001000010110000000001000001011000100000100000000000000000101100000101
00110000000000000000000000001001101000100000000000000010110000000000100001101100001001011001010000000000011010100001000000001000011000000000000110101110010010011000111001100111011011001101000000110100
10011100101000101010010000001000001001110001000011001100000010000100000110000010110000000000101100001000010001110000100000110100001000001000100000001010001001000001100101101010100011101000010001100000
00011000000000101010110110110000100010001100010000011000100100100000111100001010001100000100000001010100000000101010110000001000101011000000000110110110010000000101011100001010001100001010011000010111
00000111110000110000000110000110100101000010010000010110100000100000001000011110010010000100000001100000110010000000000001110010000001001100100001100010100000000000100011000000000000000010000111100000
11111000001111000010110100010001100000010000001000000000010000000000100010000100110000000000001000100100011010000010000111010000000000100010100000110000100000100101011010000100011100100011000000001011
00000100010011011100000011011010000001111100000101010000100000000010101000100000000001100000000101000011000001000100001001000100000000101000100000100011100001001110000001001000110110010111010111000101
11000000001110000000010010000000010010010000000000011000011000100000100011000001011011000000000101100000000100110110010000010000000000010100001100100001000010000001011010000100100000010100001001000000
00001111000101010000100001000011111010010000010000100001010001000110000010100010101010001000000010001101000011100111000111000000100010001001011000010011011100100011010101010010000000000101000011010110
01110011000100111000001000000011000000001100010000000001000110000000010011100010000000011000001000001011100101000001000100000010011011110110000010010010011000101011100010001000000100101010110010001010
00100001110001001111110010010000000000000110100000100001101000000000110000001010100000100010000010010001000101010110010101001001111101000100010110000111000001000110000101001100011100010001000000000111
10010100001001010100110010010100010010001000001100110011010000100110100110110000001011001000000000111010001000001111000001101000110000100001001001010000100000010000011000100110101000011001101100001000
10001000101001010100001010001100100000010011110011100000101110000000011000100001001010011001100101100000011001001100010100101000000000000000001000010101000001110110100000000010000000001000000010000011
01000001000011101100001000100011010100100010000010010111010110110000000011110010000010011100100000001011010110011000010000001010000011101010101110001010000000101011000100000110000010100100001010000110
00010000001010001100111100000100100000100000010100001010110000000000101000010010010100000100000001001001000100001010000010100011000101011001010011011000001110011110000110000001100101101000010001000001
00100010100000001001000001001100011001110000001000100100100000011100001100000010110000000001011001000110000010000000000000001000001000100000101010000111100000110101010011000000000001000000001010000011
01000000101010101011010000000000011100000010000000000000010010100001100010010100001101001000000010010110101001010011101011101001000000010010000011000000001001001000000000100010011100101000000010100110
11000100000000100000001000000011100101110010000000000000010010100001001011000100000111010000000000111110100110100010110011000010000101001001001000001000000010110001001101001010000001001000010100100000
00001000100011001001000100100000001101000010000010000000100010001010000000000001000010011110011010101010000010101001010100110010000001000100110000000000011000001000100010010001000010000000100000000110
01000100100000010000000101100001000101110001000000000011001101010000100010000000101000101100111000011000010100000001010000010010001100100001001100100000000110000001000001010000000001101000101010000100
01001110010100100110110010110000000100111100011110001100001000001000111000010000000111000010001100000110000000110000000000000011101010111111110000010000000010011100011001111101000100010011000000000100
01000110100000010000010100100011011100100100010000101010000011111100000000010000010001000010000101101110011001110010100001010000100011011100101100001000110101100001011000000101000011101010000011101111
00011101010001000011011001011110000000001100000000100001110100000000001010011000111001000000100001010100011000000010101000001000000100110000000000011100100000010101110000010001000000000010000010101001
00100001110100010110000100101100000011001100001000000101000110001010010100010001110100000000110100001101001100100100011000010010101000000010001000001101101101010000001101000000010100000011101000000010
00000001000011110010000110111001000110010000110000000001010000001010010101001000001000010000000001000001001110000000100000001000000010000101000100001000100000000011000000010010011000100011101111010110
11001001010000101011101111010001100000000110101010000011000000000000010101001001100101000011000010011110000011000000100110010000000010000000000001010000000000110000010011000000000111100001010010000100
10100100010001110110000000110001000000010010110100010001001001000110000100000001000010000010000001101011000000000010110101000010000001000010000101010000000010000000000010010000000010000010110010011010
00011000000011000000001001000001000000010110101011001011011010000001010100010010000010010000000101000000001000010000000010000000101001110100001010111100100011100000011000010000100101100000010010000010
10000000111101110010010000100101001100000011100110010000001100100100100111100001110110001101110000000100100000000001111000000010000100110110100011000010010000001001110010000000100100000001010000110000
00000000001000000000110100101100000100110001101000100110010010010010111011011010001011100101000000100000010101000110100010110100001101000000000110010101000100111100110010010000000001011111000000000110
10000010000101010100000110100100010101101000000000111000100000010001000000101010110101100100001011101001100000110000110001000000100001100000111010000000001101001001000100110000010011100101000100001000
00011001000000000001100011101100100010010111011011000001000000100011000110100000000010110001100000000011110110100010000000010010010010100110101110100010010010000010100010010000010001000101001000001010
10010000010000011100000001000110101011101100110010000000010000100000000000101100000010100010000000010100001100101001000100011001100100000000101001000110101010000100100101000100000000000101000100000100
00111001000000100110101000001000100110001001001001000110010000001000001000000100000000010000011100000010010000000000100000101101011000000001110011010110000100111100100001010010100100010000000100000000
10100000010101000000001101000100010010101001111001100010000000011000000001100100011100000000100010010000010010010000000010000010100100000000010000100110100000000110010010000000001111000100000001101000
01001110010110100010010101000101110000011000110110110001101001010000001010000001000101000001100000110000010101100000100110000100000001100100001000000000000100001000111010101000100101000101010011000010
00000101111000100011100001001100000101010011000000001000001000011000000110000010101110001001000100011100000001010000000001110110001100101010000010100100100111001001010000000001000100000010100010100000
00010010100010001110001000000110011010101100101101000110111110010000000000001100100101101101100000010001000001010000100000100000000010000111010010100000010110010110000110000000101010010010010101110100
10000011101100110100001000000000001010000000010110000001100000011100001110011000010010000111010000100011110100101010101000000011110100000000001110010101110000000000001100001000110001010000000100000000
00011100101000101000001000100010100000110000000010001000000100010010000010000111000010010000010000000100100001010010000001000001010101000100001010010100110111001100000010100101110100000110000001011011
00010111001000111110000001001001110010100100011000000110100100000000100110000000000010100001011000110010010100001000000001000000000100010100001000110000100000000010001000100010001000000010010010011000
01110110000000011000000010000110101100001010001011001001010100000100101000000000010000110010011001000000000001110110001000100100000001000101000100100010000010001000010001001000001000001100001101110010
00110011010000100011100010110100001000010000000000001000000100100100011010000010000001000010000100101010001001000010000000100000100000000100000010100001001100010100111001001011000110010010011000100001
01000100000010100010000000001000000000001000100001111000011000000000111000100000010000000000110010001000101000100111000000010100101001100011111000010001001000100000101000000000000000001011011000100101
10000000011001100010100000011100000100000010011010000000100010010010000011000110000000001100001100001000000000001000000000000101000000110000001100010010110100101110010100100000101000100000010110010011
10010110011000000010000011000000001001111000010100010100001100000011000011000100000100001101001001100000010001001000101010011010001100010110101001010011100100000010001001110000100000010101110000010000
00001001001010111010001000100000000011110100001000000100010000001000000000101000000100000001000011000001010100010000011111000100011100011011011010000101111111100011000000001110101000000111000001000010
10100001000110001101010000011000111000011000110100101000010001000000000011000000100100011110000100000000000010111100000000000101000000100010000110110110101010001000100000000101101010001000110100010010
00000000011011100000100100111101000000100100000010100011100010000010000010000101000000011000101010100000011000100100000010110100000000001101010000000100000010000001110110011100000000000100010100000001
00000011101000011001000111000001110000010010000100001000001000000010101100010001100000001011000000000011110000010010011000000010000110101101001010000010000001110100001101000000111011010000010001001101
10001000000000001100111000000100100000000001001100001101110000010001010001100100110011100100001000010010000000001000100010100010100100100001000001010001010000100001011100111000111011000001010100011010
01000010000100010010000000000010001100100000010000010000011001010001000011000100100000000010000010100001000110100000000100011000010010110001100001000000101001000101100001101010100001000000100000101001
10001000000010111001000010100100110110000000010100001101110000011011010000100010000000010000010001000111000100101000101101101110100011010011010000000000000111110000000010111000001110000100000000000110
00000000001111100010000011000000000000100000000100001001110010000000110001010000001000000000000000001000010000000001000000001001001010000000011101000001010000000101101001000000010110000000010100011100
00000000000100000000000100100000000000001000000001011100000011010100001000011010001111100000100110011011000100000000010000000111010100000000100110000111000101100110100001100010011001000101101000000110
01001000000000111010101000100001100100000001100000100001010100010100000001000100001100000010011001000001001000001001110010000100010010010000100010000101100101010101010010001000001100001010010000001000
00010001110001011000000000000000011000000010000000000111000000011000101000001000000000000001011011000110101100000000000000000010011010000010000000001101010001010110000010100100001111001000001000000001
11000000000000100001010000001111000000101100000000100000101000000010101000001000100101001000000010010001000101000000110000000000110010110000000000000001010100100000000010011001000000001001011000000000
01001101001001100000110000000000000010110000000100001010000000000000100000000000000000100001000001100010001000100110000001010110100010100010110110001101100010100000001010000000000000100101000010000100
00110100100001010101000010000100000101011000000101101000000011000000000010001000100000000000000110001100100101010000001000000010011100000000011000000110001100010010001000010011000011001100001001011010
11010001000010110001000100001000001000010000100000101100000100000000010000001111110001010000011100000000000100100100000100010000110100000100011010000100001011100110110000110010001000000011000000000000
00010111000101010111100101000001001111001100001010001100000001100001010100000000000010110110001100000000000000000111100000010000000000000001110000010100100000000010000000000000110001000010000100000010
10100100101011000101010110010100010000010101100001011000101000101010100001110110001010101001000001010101101010001100000001001001010000001000000100100001010100100000000010000000101001101000011001100011
00011010110010011000000000010010000101010011100001000100100001100000010010001000001110010110000011000010000010101110000000100110100000100110001100000000111011001100011011110001001011110000010000010000
00010001000000101000001010100111011001100010000000010110000001000001100010110000010010101001000010100110001100000100011000000001011000111100000000111110101110110111011001111100000000110001010000110101
00000110001000000100000100001010001011000000110110000011000011000100010000000000110000100000001010011010000000011010000010000001000010001110000011100011011100110111010000110000010000110010011010001110
00000011111000000000001101001100111111000010010100000011000000000000000000000101000011010001100001010100000000100010110000000100100000000101110100110010000010001100010100001100000010110001000001110000
00000110000000000000011001000000110100000010100011000000000001011101110111101001000000010000100000101000000101000000010111101000010110111000001000010001000100000100100000001010011000001000010100100010
00011011000001000000100100001000000010000000100001001011111100100011011110000001110100100000010000001100001100111000000001100011000000010000100001100100001000011100000010100000100100101000000010000010
11100011101110000010000000001010110011001100100110100100110100010000100101000010111000000101101101000010110000010010001000001100110100101100000110010001000001000000000010000000111100010000110111000100
10101100011101100100100000100010011100000000100010001001010000011110100000000001001001001001101001100100000010100100000000011000011100010001010010100000100001101000000010001010000000110000010000101101
00010100100100111000010000000000000000010000100100101110111010001100000011000001100100000010100110100000000000100011000000011001000100000000100000010101011110011010000101000100000001000000100000011101
00110100101010010000000001001001101000000101000010100010100000100000100000000010000110011100001000011000010100000000101000101100110001000000101000000100000000011000011011010010000001010011000101110010
10000000000000000010100010001100010000100001001001001100001000001001100000011011101001101010010000001110000000011110001010100101100100010000000010000000000010001001101110000110001001010011100000100111
00100000110100100111100000001000011110000001100001010100010010011010000000000110001101000001000000000011001011100110001010000010010001111000000110000110000000111001001000010000100011000000010010100010
01010010100001000010001010001001000001000010001101000000010000100010000110000001001001100000010001110100001011100100000000000100000000100100000000100010001100111000101111000100000000011000000010000010
00000101011100000000100010110001000010000100111001000000010010101010010000101100101000000000011000011001000010000110010001000011010101000001000000111001010000000000001011000010101000100001000100001000
00000010101001000011010101001000000011001110000001000001001011001001110011001110001100100000000001100010101110010000100000100000010100000000100001000000100001000001010011100101010000101000010001010101
01110100001110000000000100100000001111000000000011010000000100110010010010110111000000000100010000001100110111000001001011000101000101100001100101001011101110100010001100010001010100000000001101100011
00111000001101010011100010010010001000100010000001110010100000000010010101010011000000000000000100001000000010100000000001001101000010000110001000000010010001010000000010100100011111011011010011000000
10000000010000000010001001100000011010000000101011100010001100100010010001101010000010011010000000000111010000000000010100000100011111001100000110010001000000000110001000000101110011010111000101011001
10000110001100010110000001000000011100001101110100000000111000001100011000010100000001010000010100100001001110000000110000010110000000001100000010100010001010000000100100001010110001111000000010000000
00100010101101000010100100000101100000001000000000000000010100000001110100001100001010000001100101010101001000101011001010000000000111101000000101101100001000010010010100001010000101000001010000000100
01111101100000100000000110100000000011100000100000010000000100001000001000000100101110000000100110011100100000001010101011010010100000111100100000100100010000000110000000000100110010110010001000010000
10000000000010010000000000011100000110000011101000010000000001000011000000000001000000010101000110010011000100001100001001000000010010010101100110100001101101100100100010001001010000100111000100000100
10000000010100101001110010110000101001110000100001010000000001000101101110100100010001110010100010000100110100100000100000001000001100100110010100100000010100010100001110001000010010001010100111000000
11000100000100111000101000001011100011100000001010000101100101100001000011010101011000000101010111000000010001000101010000001110000000000000101101111100010100001100101001001000000110000011001000110010
00010000000000001001100010000000101011100101000001000010000000001000110101000000000100000000010101001110110110001001100000000010100010110111010000001000100000011010001000001000000000011010000000011000
10000000001101000100000001110110011010111100001000010001000000001010000000000000000000110010010000000010010100001010001010000000010100101010100000101100011000000000000000100110001001100000000010110001
10000101000000001000000001110110110100011000101001010100000100001010101001010101000100010000000000100000000100100101000000001001010011000100000010000011010010001100011010110100010000000100010110001000
10001000011000000001100000000100010001101001110000001000000101101001010101100001000100110001100010100000111010001010010000110101001101010000011000100000001101000000010000000000010000101010100000010000
00010000001010010000000010000000100101001000011000000000010000000000010101000100100001001010100110010000100001101000110000100011010100010000001000000000000001001000110000010100110101000001001110100001
00000001001010000000100101110010100100100001010000000000001011001101001000111000000011100000010000000000010001000011000010010000101000110001101011010001110000000010000100100101100111000000001010001100
10100001000101011001101000100100001101001000001000001110000101000000000000110000100110010100000000000100100110100111010101010100100001001111100100101000000010010000000001010000001000100000100100101000
00001001010110010000110000010100100101001100000100010010011000000010011010100101010000011000100000101000000110000110000001100010111000000010000110001100100000000100000000100010001010010000010000000000
00000010000000000010101101110010000000001100000100000100000001010010000010000000000111001011010100001010000100100001000101000010010001000010000100011001001011001111001110110000100101010001001010100000
01010101000011010101101001000000100000010101011100000111100010001110011100010100000000000001000000000000001001000000001010100000000000100000000100000011001000010111010100011000000000010110011000010001
01001000001100001101011011010000000000000001010010110001011100101100100011000001100100000000000000010000111000000000100101000000000101001010001001000010000100010001100000000000010101001000100110101010
11010000011000110100101000001001000000110100001010011111000000001100011100010000000100100101100000010000000011001100100100000010001010111100010010000000000000011010011100000011000000000101010100001001
00000001000100000011011110000010001000001000010011100000000000100000110000001000010000001000000100101001111110100001000001000000100100100010011000110000001011000100011111000001101110010001011010010011
10001000110001010100000010110111000100010100000001011010110010001000000001100000100000000000011010001100001000101000010010000010110001100010000000000001000010101100010001000010010011000101010010100000
01010100000100000010010000110001100010100101000000000100001000010000010000110000010010000110011010000100010000101010101000010001000001000000001001000010001000110000001010001001010000101000000100010100
01000100001001000101000000000000000110101101100000010001001000010000010000110100001010111100100011101110010011010110100100011101000100000001001001100100011111110011010100011100001110100100001100111000
01001000001010000000101010000001100001000000000010000000010000111010010001010000000000001110000101000000001100000110101110010000011000010100010000000110100101000011110000110010011101111000001000000101
00000110100111000000010000010000101010100010000001000001000001100110100011010000011000011001100000100011011000001010100100011010110101011011000001000000011000000001100000100100000000000001010000010100
01110010110000010110101011001000110000100011000001100010100000100010101011101111110100110000010101000100000010001011000001010000001001110011110001100010000000000010000010001000101001001000010000000000