000000101000010000100100100110000101101101100001101011010110000001000000011000000000000000101000001010010000010011000101110011110101010000000111100100000100000001010001000100001000100011010000011100000000000000100000000001010100100000000000000000000000010001001000000010010000110000010001001011110001
000110110101001100110000010001100000011100101000000011110000001000010000001000001000011100000100101001000001010000100011101101000011001011000001011100000010001011010010100101000100100110000100001100100000011101001000100111110010100100000000000000010101010110100111110111101111011001101100100001000000
101000001100010100011000001000100010100001000000011011010100000000011010111000001000111010000100000000011100001010001001000001100010001010101000000000111100010001110000000011010000001000000011011000000001000111010010011000000000000000001111010000001000000000000100100000000000100001001010100101000011
000011111000010000111011100000001011010000000010001000111101001110001010010000001001000100000001001010001000001101000011010000010000101010000010111000000101101000000110000000101000010001010000000110000111100100001000000000010010000100000010100010101000110100000010000001000100000010000000100100101010
001000000000000000011000010010001011010110001010000000001001011010100000011001000000111001010000110000010000010011001010111000001010000010010010000100110010001000010010000100100010001100010000110010000000001100011100110000001111010010000000101101000110001000100101100010010001011000110000100010100000
101000011000101100001000000000001001000011000000011101101110100001110000001000000000100011011000110100000000100010100100000011010100001100000010000010110101010000110010111000110100000000000000101010000000000100000100100100011000001001000010000000100110011000000000000010100000000000000010010000000010
000011001100100000011010000000100001000000100100010100010100000000000000000000100011001000000101000010111010110000010010000011000000011100000010000011100101000001011111000000000100001000100101001010100001000011000100001001001000010010000110001000010110001000101100010111000000000100001100010010000100
010011000011111000000010010010001100001001000000110100000000110100001000000000110000011000101000101000101001110001000010000010011001110010001011001011110000011001001010000001100001000001000000000000000000000010010111010000000100000011011000111010101000001011001000000000000100101010001011101010000000
001000001001000000010111000011000001001100110010000100010000001010000000101101000000001000011010101000100111000001000001001010110001101011000001010011001100110000011010100001010000100001101010000010100101001010100100000101000000001101000100000001100010010001000100010110011011001100001000000000110001
101110000000001110011000000100001000111100100100100001100101000000000000001011010000000010000100000000000100100100110000000010001010000001000010000000010100010101000001000000000010100001000100101000100000000010100000000100001011111010001100000010000000011001010110110110010111000011001001001111111000
101001000000000110000110000000000111011000001001100000010100110000000000011000100000100101010001000000110000001101010001100000100100110011101101001100010000001000000001110011011110000011010110001000010011001000000110100000101000000000001010001000000101001001000101000011001000010000001100000001010000
110110110111001000101000011111001100011010100001011100000000000000000100101000100001000000010010100010101010101010100000010001011100001000000001000100011000000010010100100010000100101001001000011000010000011001000101010010001100000111000010000001001100101001001010000010000100100100101101100010000010
000001000001000000000010010100010000101000011101000010000110110000001010001010100000011000101110100000111011101100101000000101000101110110001001010110001000000001100000101001010000100000010101000010000000000100000000001110000010000101000000011000000010001000001001100000101101101010000110010000000000
000100110011010000100000000100110001100110001011100000000010000111001000001000000011000000001001000100010000000100010100001100001010010000010000001001100000000001000001100001000000010110000000100000000011000000011011001000000010000000011000001110011001000100000000001000100110000000000000101010000001
010011010000001010000001010000000011000010000110010010101111000100101010101000000011011001100100010100000100000000000000000000000000100000110011000101010001000000000100000010000000000010101001001100000000010000000010000100001010101000100010011100001010001010110000000100001001010001000000001010101000
001010010000000101000001010011000010001110101010100011100011000011001101000000110110001100100000100000100100000011111010000000100100000010010000000000000000001000000000000000001000000001000000001000000110010001100010000110000000000000001000100000100001110011100101010010010110001000100100010001001011
010000001000100000111010000010000101010100000100011100011000000000010000001010111110001000111000000100000100110100010111001000100000100100011001100011010000000000000111100110100100010011010000000001101000000000000010010110110100000100001010100000010000000001010000000000000010001001001000001010110000
001000000001000001111000000010100010011000000000011000000001000000010010000000110100001011001000010000101110101001001000100010100101000100000001001101001100100101100001010011000010001000011011000000011000000100000011000000000000100000100010000000010000001101000001010100011000000000000010001100110000
100000100100101001011100011000010000010000001000000100001100100000000011110100000000101010101011000001010000010000000001010010010010101101000010000100010011000100100110100000000000001000000110000001010000010100100000001000101100010000110100000011100000001111000001110000000000000101010010011000001000
000010001011000001111001100110100001000100000000000000000010100010110110000100011000010000110000110000000000001111110101010000000001100000110100000110010001000011000000010010001000000110110000100000100000100010000000001010001001001011100111100010001010001000101000000100001011100011101000000000000001
101110000000000010100100101001101100000100100010001001001010100100010110010100001000010101100100001000011000000000100001010001000011100100010000001010100000001010001000001100000011000101001001000100010000010000110011101001010000101101000000000010000011000100111100101010001101010000001010010011110010
000000000100011000001101000110011000001000000001110000010001101100100000100000011011000000100000110000010001001001001000000000011101111000110010100001000100001100001001000010100100011001001100010100001010010001010000000110010001011100001001100000010011000000100000010110010000110000110010000000000010
000001000010001011110010100000101100010000010010101110000001000010000000010110100010010000001000100010001000000000110001001100000101100000010000001101000100010110010011000000000110010000000100000100001000011001000000000011000110110011001100100110110000100010100110110000001100011000001000000110001010
011001000000100010000110000110101000000000111111010000110010010100101001000101100110100000010010111000100101000101000000011101000000000001011101001001110101100010011100000110100101010001100000000100000100010100000001011001000000000101100000100000111100100110001101000001100011010111000000000000001100
001011110100000010100000111001101001001010100100011010110000100011001001000001100000110000001100000000000001000010010100011000100001001000000001001100001000000010010000001000000000000000110010001001010100100010110000110000001011000101000011100100000000001000010010100110111000110001010000000100111000
000010001000011101110001010000110100000101100110001110010100111000010001011000000000101010100000001000010010000010001111010100010001000010000101100000000000000101000000000000001011011000001110010010011100000000000001001010010010001100000001001000000000010000001100000000001011000100010000010100000111
010000001100001000000000100000000000100110000010101011000111100110010001000001100001010000101100000000100010000100100100000111110000000111011010000000011000000000010000000001010000000110110110100100101000000101000001000000000010010101010111000001010011100001000010000000010110000000000111000101000000
100001100000000100010011010000010001001101010010110100001000001000100000100001000010000000010000001011001000100000000000000101000001000000000011101100110011011001010010001000001101000011000000011100110010001010001000000011000000011111101001010000100000010001001011000000011110100010000010100101100101
000000010000111110001001000101100100101000111000000000000101100110100000000000100000110100000010000001010010000011110110010100000000000010110010101000000011110011010111011001000101010000000000000100100000000110000100010000100001101101000100010110000011011010111000000000010000010000011100010100100100
000100000011100000000111000000010011000001110101010000001001010000100000010100000000100010000010000000000010101101101000101001010101000010000101110110010101000000100010110011000000101001000111100000011100000101101000000100110000001000010101010001000000000100110011000100110000000010000000000100001110
000110000000000010110000000011000010011100000010100101000001000010000010000000100010110001000000000110100000001010000010001100100010100011010000110100011001000111000010000100000000000010000001000000000101000011011000101010010010001001000011000001000100111001001111100100010100100001100100000111100000
000001000100110100000001000000100111000010011001101001001011100000000010000000000001000000011001000101110000000100000000001000000001100100100011000000010000110010100010001100011001000000101110111110000011110010100000010000001001001000001010000111101010001001010001100001110001010110000000000000100010
000001000000100000100010000000000000100001000100100000010010100110110000100100111100000100000001101100100001000000101111001000001000000000000101011000000100000010000000011010100100000010100000101100010000101100000010110010000011000000000000000100001001010011110000100011100000010000000010010010010110
000100011010000010000011100000000000111011110000001100100000000011011000101101100010000000010100000011100100001010000101000001001100101000010001000100000000011000000010000000001000000100000000000000001100101011001001010000010000000000100000100100001111000100000010000100001010000100010110001011000110
001100000110000110000011001000111000001010010000000001101100000000000000110001000010011100100010010100000011010101101101100000101000011100001000010000010101010000000001001000111011000100000101011010100110110011011000011111001111010010100000011010001010111000100001000100010100001000011000000100010001
011000011010001110010000010110100001000100010010000000000001001001000000100000100010110000010110001100001010110010110000110001010010001000000000100011000000001101001100000000000000100000000011011010100001001000000011001001001010001000100000000000010100101011010000001110011001000011010000010101010000
000100101000010100011011010000000000010011010011010000001010000010001000000111001100001000000000010111010010110001100000110010001000100101001000010100010000000011001000100000101100001110010111010100000010001100100100100111000000010000101000100010101101000000000000110101010101101001010001100000110010
010000101000000000001100001100100010001000100111010000100110101010000010000101010000010101000001000000000000001000000000000001000000100000100001100000010010010101100111100111010000001010000100001101100001000101100100100010011010101001100001001011001000001011101110000011010000001000001101001000000101
100010001100011000111011101010110010010000010000000000001000000010011100011110101000010011010010010001000000100000001000000110000001000000000110000001000000100000010000011001000101000110010111111000111110001000110010000001011001011010000001001000010010000100001100100101101000000100100011000010110100
010100000000000100100011001100000000001010011001000000000000000000000100000010010010000000010000100110000000100110111011010010110001110010100011100011100001001011001100100001010000000000100110010011000001000000000001001010001011110000111000000010010100001101011001110000110100010000111000100000011000
010110110011011000000000110101111010000011110001100011000100010011000000010000001101100000101001000100000001100001000000000110001000000000001000001000010000000101100010001111100000101000001011000100000000011100010100100010000000000000000000011001001100000010000010001100001111101011000010010000011000
110000000100010001000100000000000010000100000101000001010000011000000000100000010000011000010000000000001101100000000100001000001000000110110000110000110110000001000011000100100100000100110100001100000000001000100100100000000000000010100000100100000000101000000000010001110110010001100000100111100000
101001011001001000000100001000001101100001001001110010100001000010000000011110000000110011011100001010000000010110100010100110101100001000101111101101010000000100000000000001111000000000110000000000000000011001000100000110011110001000100100010000100100000000000011011100010001100100000000011101000001
011000100000101000100000100000110010000110010001010100110000110001001101010010001001101001000000000000000010000100111000010010101011010101010000111110010000011100010011100000000010000010000111001000100010000000000000000011100000111110000010100001000001000010100000001111000001010000000010011110010100
001100100110011100000000100101100100101100000110010000011000001001000001100100110000110000000011010100000100010110001100010000100001110000100000001000010000001000000101001100011110010010000001010100000010100100001110100001000000001010000100100000000000001101000010110010100101000000011001000000001100
101110000001110011001010100000010010000100000100010000011110010100000000100100001010000010010000011001100000000000010000100010000000001001100000000100000001000101010101100000010010000010101011001010000001011001000010101001100000000000000000010101001000100000000000000010001000000000010010010000011100
000001010000000001100001110011100001000001011001000000100010001010000000111010010101001000010001000010000111001000000010100000001001001011000010000000000010000001100010010001000001000010000010000100110000111000001000100000100010000101111000000000000010001000101000011100010001111001000001101010100010
001000001110000000000000100110000010000111000000010100011000101000000000011000100100000000110100101011000010000001010000000001001010100101101000000111001100000000001000100111010100100000010111011000110100000100010000100000000100000001000111000000101000111110010000100000010000110101010011000000100000
100010000000111010010101100110010000000001000100101100000000101000000000100011000001001000000010000010101110001100010001000110000100010000100001001010000000001000001000000100110011100000110011100101000011000000110010000000000000000100010000010000001011111000100010011010010001001010100000000100010100
010100010000000101001000001000011001000100111110000010010000000000011000100010010001010001000000000110010000000001010001000010000000000000010110010011000100000000001010000010100100110010000000000001001001101001010100010110000001100110010111010010010010100111010010010101000000011001010000100100010000
100000011001000000011000001000010001001000100011010011010000000010001100100001011000101011100100100100001010100001000000000100101000101000100000001000000010001010101001000010000010100100000101001001000000101010000001010000110110100110001100100000100001000000110010100011100000011010000010001001001101
100111100100000000000000001000000010110001110100010000101000100011000110000000001000000010010011000100000010001000100000000101100110010000100001011000000010101110111001000010011001001000100000000001011000000000001001110011001000101010000100010010010010010000100010011010000010000100001000000000010000
010000101101101000110000010100000110001010001000000000001101010010001000000000010001111100001001011000000000001001000001110100010010000000101001010000101100000010000000000001100100100000000101010010101000000000101010100101000101011100010100100000001000010001101100111110001101001001000011100100000000
110000011001001000100101100000001111110000101000001001000000101000000000101000010010000010010001000100000000100100011000000010001000110010011000000010000101001000000010110010010101000100101001011001000100001010000100101110010000001000011000000100010000001000000101000100000110000010001000110000100010
101000000000100110010001110000001110000010000000010011101000000001011001000000000001000110010001000000001001000000010000010001000100110110110010001010110000010100010000001111000000100101110010000010100001000001000000010000100010100001011101000100000000110000100100000001101110110000000001010010000110
000000010010000001010100100110000010100010011001010011000001001000000100001010101010000010010100000000000011100110101101000101000101011010100000000010000010000111010000000001000000010110100000011011000010000011001101100000000000000001000001010101100001100010001100000110000100110000001010010010001001
000101111100001000101000000001100110101100000000000101000000010001000010100010010100000100100100010000100100000000000100000000000100000100100100011000011010011010000000111010100001100000100010100100010100001101000011001011011111000001000100010100001000111100000010101000001010000100010110100010111100
111010100110000100011011000010011010001001101110000001110010100010101100010100000111010010101000100001101000000010000011110000010110000001100010001011001001000101010010000101000000010011010010010000110001000000000010001110000010010010010100010100010001100001000000000000111000100010100000001010000000
010100100010000010101101000000000010100000000100100000011001010000010000000011101000001111000100000000101000100100000000000000010011110101000011000010000000111010101010011000110010000001000010010000100100000000010011001110100000001100000101100100001000100001010101000101000010000000110011101011010001
000001100001001001000000000001111010000010001010010001000010110000010001110000010001001100100010010100010101001001010000000110110000011100000101010000100011000000001000000010011101100000100001000011111000000010001000000000000011000011001001000001100000010000100000001100000000000000000000000010001011
011010001100100000000010011101000101010000000000100000000100100000111110000001001001101010000000001000010100100001011000100100001101000010000110000000010001010100101010001000000100001000101001011001000111000001100000001000101100011000010100100011100011000000000101011000110101000100100000001000111000
010100100001000000101101000001011100101011100100000011001010010010011000001101110001000010011001100000000010101100001100000000000011000000001000000110010111001001001010110000110000011000010100100001000000100110000100010000000011101000100000000010100000101100010110000100011100010000000010010110011000
000000010000100100111101000010001000101111110001100100111100000101000001111001111000101000000100010000111101000001101001101101001000100100000100001000000100001001000011100111010000011001110010001011110000100000000011110000100011000000000000000001001000001000000100001000001111001000010010100001000111
100000000000000010100100000101000101001010110000001010100011010010000110010100010010000100100011001000101100100000100000000111110000000100110110101000101100000110001001010001100010000100000000110000011001000001110000001000011100001111000010111100000100100010000010001000010010000011000101000011001001
100000000010010111000000100001100000000110011000111001100000000001010011000001001010000010001100001011010001000010100101101010100110001010000111001000010000000001101000001000111000001001101010000101110100000000010010100010101000011000001101000001000100000000000101101100010100000001100011010000101001
100001011000001000010000000110110100001100011111000000001100110010011010000001010001001000000000000010010010000001000010000011000001101000100100001100101000001001110010110011011010010000010001010100000000000010001010001000000010010110100011000010111001100000010010010000110001110000100100000000000001
000010001010100001001001000000000100101000000000000000000010101110000000010010000100000101000001100000100000000000100000010001011000001001000001001001000101011010000100110101010111010101001011101100111001000001000000001001011000100100100100100001000001011110010000100010101000000000010110000101111010
001000100010010100010000100010001101010001010001000000000000010100000100000000000001000000100101010011110010010001100000001010100111001000100000100000110010010000011101000000100100001001000000010011000000001110000010100001000100000100000110010000000000110011000001001000110000000010011000010110001101
110000000001100000000000100011100000010001001010000000000000111100000000101010000100000000000000000000000000000011011000110000111111100101011101001000100000000010000000001000000000010100000010000001111101010110010001100110010111001000000011000001000001000000110010001010010110000011001010100101100000
001001001100000000001000110001101010000000010000111100000001000100000001001100010010000000000000010000010000000011000011100110000100000101101000100011001101010000100001000011000001100101010111001010100001001100000001001100110000000010000010001000101010010100001011000100010000010000000110000100001101
000000001000001010011000010001000110011000010110001000100001010110101010000000101000100001001100100100000001110001010101001000000000110010000000001010100000001100100100001010010100000001101000100001101000001100001000001000000000000000001000000111001000110000001001001000000010000000000110100100000000
110000001100000000100001001100110000001110000100000100010010001000001100110010001101011101000000100000000000000111001000011110001000010000011000101000110100010110000001010000010100000110010000011010000010010100010011010010001001001000000101101101010100001100100010101100010000110000010000110010000111
010110000000010000000010000101010101010010101101000000000010000000101100010001001000000000000100110010110000111000110000101001000101001100100000000110000001000100000100000101000010001111100100001010000001000001100000010010010010100010100011100001000000000100000001100100001000010000011010011001001100
011000100010001000000010100011001100010001000000010000111010010100000110110010100000000010000001010000101000000010100001010010010000000011000000010000001000011000011001001111100000100001000100100111000000000110101000100000100111100000010001000000110001000001000000011000000001101001010010000110001100
001001001110000011000010001001101101001001000001010101101101000011101000100010110001000000000101011101100010011001000001000001100111010000001100000100000010000000010101010000001001100100101100000000100001111000010000001000000001011101000000110010000000010001110000001000110000000000000110000011000000
000000011010000001001010010010001010001000011000001000010011100000101001000010000110010001000100000000010100001001101010000110111010000101000100100100001001100011001101000100100100000000100000000100010010010010111001000101100000001010001000011100100010000111100010100001000111000010000000011000000100
111010000000000110100100000010000100100000000100010001100000011100000001110010101000000100011000000010010001001110000110010000101001000110000000001010100000000100000000010000011000111001000100010001001110000100001010100000101000101101100010101100001010000110000101000100101001010011010001000101001001
001000000010001001000101000000111000000001000110010100001010000000100001100010100011111001000000000010000000101100000010000000011000010001001000001101001011100000010000010100001011000000001110010101010000000010000000000000001101100010001101000110100000101101010000100100000101100010100010000000000000
100100000000101111000010000111100101101100100011000100000110000000011101000011000100000100000001001110000001000100010110000100100110000000001000010011110000000100100000001110100001100011001011001000000000000000010100100010000001001110100000001000001100000000100010000000100010000110000110000010010100
001000000001000000000000000101000000010001000010000000000000000100100010000000100111000111010000000011100000000000010100110001000010010011000000011000000000000100001011001001000000110000010000011011001001100001000010010010101000000110000000000011000100100010000110000000000010000001000111111100000000
010010001010110000110001100000100010000100001000010000000001010001000001011010000010000000001001001101000000001000001010000000100100010000000000000100100100000000000100100001001000110001011100000101010011001010010001001000110110010101010001000010000001100001000010011101010100000011010001111101000010
000100001100000001000000111010110011011000100000000010000000000011000100000100000100010000010010001010010001000001101000000100000011111010001010010110000010000010110000000000110001011001100011100001000101000000001001100000010010000101110111100001000001000001100010001101000000101101011010100010000101
110101011010000000000110001000010000010000010010000001000001011001100000010010011010100001000000000100010000000001010001100000001000010010000100111000001100001100110001000101011010000001100000010001000010000100011100101001001000000001101100110010101010000001001100000001011000000010100000010000000000
101000000101101000100000000100110010100010000001000110011111101000010000000110111100001001001110000000100000001101100010000000100000000110000000000001000000000011000010000010110010010001000111100000100110000000001100111101001111100010000001100110001110000010000110001000000000010100110011111101001000
000001000111000100000010001101100001000000000000010100101001001100000000001101001000100100100100100010011100001100000001000000100100110000101000100000010111110000000000010001010001000000010000001000010011100000000001100001000010101100000110100000100011101100100100000101000000010010000101100000000000
010000001010101001011010101010110101100011011000000001000000000001000010001010000000100010010100100100100010101100000000000001001000101010001100100010000000000101011010100000001110000100100001100101000010001101000000001000011110011101000100001000110110001111100000011011010010000100100000110001100000
000000000000000001000100110011000011000001001001011000000010111110000001100100000100010010101000000000100000000011010010100110010010010000011101000000001000000010000010000100100010000000100000000010100001000000010000000100001111001010000101000100000010101000001001000000010000100110101010001100111001
010001001010010000000100011010000000000001011000000001001010000010011100011100010101011100101100000000101000100000011000000110010000101001000011000001100100000000000010011000001000100000000000110010100111001100000110001000001001001100000001000100001000000010000000000001001010010001000000010101100111
011000100010000100010000000000010101010001111010101010010100011000001010000010110011101000100000000011001010001110000000101000000001010100100011100100100100011100010100001000000010100110000011001000011101100101100111101000000010010001010100001100100000110110000100110001110001010000000100001010000100
001001000000000001000110110101100110010000010010000101101001010100000000011100011001001000000000011100001000001000000010110111000100000100101000100010010000000100100100110000000110000010110101011101000101101100001001011110000111110000100110100110000011001000000001010000000001000000000101001000010010
010010000000000000110000110100000001000000010001000100000000110000001001000010000001100000000100100001100100010100010010100010100001000000100110000010000000000110100000111000010000000100000010001101101100000001000000010110000110001000000001010010000000000111111001000000000001010011000100000000000000
011100011000100000101100000100111000000100000011100000100001000101011000111101010010000000010010010011000000001101000100010010000001100000000100100001001100001100100100100011010110011001110100000010011000000001000001010110000101011010101011010111000100011100100000010000010001000111000010010001100100
010000001010011101110000101000000000000100100011000010010000000100101100100000000001000011010100010001001001000100000001000110010000001000000100100000000001010000110101000001011010000110000101111000010101001000010100100001110001000001001000001001010000001001000000100110010100010010001110001010001100
101010011110010000000101010011101001100100000110001001100100110000100010000101000100000000010101100110000010000011000001110111010010000101010000001001010110001001001101010100011101100000000110010000100001000000110100100000000001000101000000101001010000100100001000000000010100000101001001000101000011
000100000111000011001000011000011001000001000001010010001010000000010001100000001011111011001011111011010001010001101100010011101000001000100001000010100000100010010000000000001100001110100010100001100000100011000000001010100001000110000010000010101000110100000101100001100000010001000100000000101100
001100000001001001111010010001100000001000100100000100011110001000011110000010000110110101101000100100001000001000000011110000100000000011101100000101010110000000010100001010001000001000100100000001000000010110100000101010100100000101000100100000011001000001101110100101000000110110011010001001010001
011010010101001101001000001000111100101110010001101110001000001000001000000001011000100001000000000010100010001000000111010010011011101101101000001000001000100100100110101000000100000010010110001010001000110100000000000001001000100100000011100010001010000100000000101000000100110101000011000000101000
001001110101101001000100000010000000010000100100010000110010001100111001001010000000001101110000010000110001100100100000000000100101000011010001001000000000000001011010011011010010001000001000000000000001001101010001100001000011000100000010100010010000010010110000000000001000000000001010110001001000
000100000011000000001000100000011010000000101010001011100000000000110000100110011000000001101110110111000101001011010111010000101000000000000000100100100101000010100000000001001010000001000100010010000000001000000100000001010101000110001111000010010001000101010001101011001100101101001000001001101101
000110101000100001011100010001100000100010000010001011001010101100010100001000001010100000010000000010000010000100000010100101000110000101100100000001011000100010000010000000010100100001000100001000110000100111001100101001000100000010000000000000110000000001000010101110000101001011000001001000101111
011101111000000010000001101000000000101000000000010100101001001000011101100101100001010000100010011000111000010000010100011000010000100011000011100001110000011011000010000100000000000010101110000000110001010001010000000101111110000010001001010000000010001110000100110111000011110101000001000110001100
010000000010001000010010000001001101000000000100000001001001000000000000101001100011100101011001010100001000001101000010000001001111100010101010000000000000101010001010100100000000000011011011000001111000000000010000100000110100111001010000000000000001001001010001010110000000110000000010100000010100
001010000101000000001110011001000000001000000001001000010000100000000010100011100010011011000110110110110100000000000000100100011000100001101000001100000101101011000010000110000110000000001010011110000100010100010000100010000110000100011000000000010110000001000001101000000000001010000010011000000010
000010000000111010001100001000000011110000010110000000001011101000010001001000101110100001001001100001100000000100100001110000000000110101101000010001000010000101101100001001000000000001000111000001100010100000001100001000000000010011100100000110001110000000000100100010100100000110000000011000100101
000100010001010001011011010001001001000100000000010000011100011000111010011110001100000000110000000000011110001000000010001010001100111000010001100001000010100100001010010110001000100001100001000010001010010101010001011010110010011011000100001000000110110100000110000000100010000010000011000000000000
000010110000110110000000101000001001010000110100001011000010101100001000010101000000010001000101000000101100000000000010000000000001000101011000000000110110100000000011010001000101011100110000011000010001101000000000001000000000101000011111000011011000101000010001110101000101001000010011010100100001
001010010101100100110001010000100111100000000010100110000011000000010011001010111001000010000000110010000000111000001001010011001000000001000011010101001010010000000000010010000111100100111011011100001000000011000100101011000100000001001010100000000000100101010101010000011010001000101001100000000001
010000110010000000000000110001000001110000000000000100111001000000000000101000010110000111000000011001100001000100110000001001000000011100000011010001000000101000001000101000110001000000010010010110010100000110100010011000000001001001000000100001111001100000101000000100010010100000100000000000000000
001110000000110011001100110100000101000110000011100100010010000011011100100100000011000101101000000001000000000100111011000010011101000010110001011010010000101010010100110001010000000000000000000000011010101010010100000100000001000010010010000101011000001101000101000100000010111000000100001110101100
000110000001000001000000000111000010000000110000110100100110010001000000010010000101001011000000000001000001001000010000000001010001101000000000100101000110110000101010000000000100011011001010000001010000100010010000110101110010000010000100010001001010000000001000101101010000001001011000010011000011
000101000001000000001100001000000100010101000001100100001111010101010100011000100000011000000000000110000101100100000000110010011101001010100100100110110010010000110100101101010110101000101100001000101010100010000000000101100000000000100001001010000100011100001110010000000011010000110000100001110100
010000000010010100000110101001100001100000010000010010111010000000100000000100010001011010100001010001010110010010000010010010100010001000101110010001000000000010001011100110010010100000011101010101010000010010010011110010000000100000001100000000011010000010010111010000011000011101100000101001001100
000001010010001110000000100100110011000000000101001100101000010111010000100010001000100001100011101100000000011000100000001000000000000000001000001010010001010000001010000000100000110010010001100000001010000001000100100010100001100000000011100000110011110001000111010000000011000110100000100011001000
001100010100100000101010001000111010000000000000000011111001010000101001010010000000010011010011110000000001110000001001011010001011000010100101001100000100101011100010000000000010100101010010100000010000101001000100100001010000010001001100000100001000100010100001110000000111001101110001001010000000
101001010011101111000000101100101001010100010000100101001000000001000011101000000010100101000110000100000000001000000010000010001000000001010110001000010100000011000000100000011010001110000000100001000000100101101100001000000001000010000000110000101011010001110001100010110000010010000110011100001001
000000000100001100111000000011000010000010000000001000000000010001000100010110010100101000001001000000000000010000100000001000011001000000001011001100100010001101000000000111000101100011000000000001100110100100001001110001011101010001100110110001000001001100100000000100010001000010000000000000010000
010110001010000111001100011010010101000000010100000100010101000110001100101100110001010000011100001111110010000000110011000000010000010000001000000000000010110001110101111000000101000100010000000101001000000001110000000000000010001001001000000111101110001101110100000000100101001000110100010101010101
110100000000001110010011000000010010000100100000001000100101011100001000001011000000000101010000001010110001101101001001000100001001100100101000100001101110100000110100010100000000001100010000100001100001000000000000000101001110000110110001100001001000000110010000011000010101001000001001000000100010
010011000100100010011000010011010110010000111000000000011100000010000000101001100000010010000000101100010010001000110000100101010100011001001011100001110100001100000110110001100000010011000001110100000110111010110101100010000100000000001000101100001111000010000001010001000100000110000000000100100000
101000001000000000000000000010100110000100110110010011011100000010000000010010000101000000110000001101000100000010000000000110000001000000100001000000011011000000000001010000100001000010010101011000110011001000000100010001001101000010010000000001010001000000000100000100000100011000010001111010000110
100000000100000000011011011110001000100001000001101000010000101000011000000100111111000001000100000010011000010001001010010100010001011000010010100111101010000100100101000000010100001010010000100011000101100110001000001001011111001000100110010100001100000010010110100010110100000000101011000000000110
000101011100010010010000000000011001000100000000001000101010100000100000100000001100001010011000001000001100110101000010001010011011000110100000000001010000011100100000000010000000000001111101100110000011111011000000100100001111001000110000001100100010000000000100111000101101011111010010100100010000
010101100100000000100010010110000100100001001100000001010000000001100010010001010101000011011100100000011100100101101001000000110110010100001000000011001000001101010100100000010011001000101100011100000001001010001010010010000000010100100100100000100010100000000000000011000001000010101101000100110001
100000001101001000001001100010000000100010000000000100010000000011011010000011001000000111001001001001110000000000000000000100000101100000010010000011011000101101010110101010010000001000000011000001100001000001010110000000010000001110101101000110100011111000010110001111101001010111000000100010001011
000000101000100010000000000000010000010000100010100000010001100110001001000011000011100111000001000110101000011110100110100000100001001000001000101100000001011000000101000011010110010000001010000010111000100001010011001100000110100100010100000101001010001000001000000110011011001000110001000100110001
000000011000100100001100100100000010010001010100001000010000000001000000101100101000000110100000100100010100011000000001000000100101010000001001011100000000001000100110100010000110000000000000001010000100001100101000000000101110100000100001000001010001000111010011010011100101100100000100100010000001
010000011101001000000110100000000011100100000100001001001000100001010001000010101000100101011100010000010100010000000001000001100000001100011100001100100000001010000000000010001010000000000000001011000010010100001001100100110000010001011000110000100001100001100010001010010000001011000001010000100000
110000101000000000011100110010000011000011010010001001101100000100100000100010000100100011011001000011000100000110000000010100101110010100100010110100100011001100000001100011000100110111000010100100111000001000010101011000110011111010001001100011000000101111000000100000010100000100000110000001000010
000000110000000010000000100000001000101101010001100000000001000111110000110100000010100000110000001010001110000011010000000101010000100000011000000001010010100101001110001101010000000011101000001010000011010100011101000011101000000000000001001000110000100100000111010100110000011110100000101000111101
000010000011101001100000000100010100010000000000011010000001000000011001110100001010000100000010000000000000111000011010100001010010000100000001001101100000100000111000001000000010110110100101000000010101000100011000100110000001000011000100001100000001011100001101001011100100001011000010001010011011
011000100001101000110111001010110000110000001111100000100000100101100000100001010000010001010011010010010000011000110100000001000010010001000000101001000100010000000100011000110010110110100010000000001011000010000001001100100011001000010010000111010100100000011000111000001000100000110000000000100000
010001010000001001011000001110001000100010001001110001000001001100100110000001011000000000001100001000000000001001011010110000001000110000010000110000110001100101010000000100000000000000010001101000010001010011100000100010010010010011000010100001011001001001001100010000110000001000000001110001011010
000100001010001101000001000010101100011000010000010111010100000101011000100001000000011000000011011000000100000010001101100000100110000011000000110000011101000001000010000000000000100000011000000100010010010000001001000011001011001100000110010100010000001001010100011001100000000000100010111001001000
101100100001100010001100011110001010000101010110010000010000011000100010000111000000000010000010010000001001000000000001100000000000001110000100011110011101100100000000001001000000000000100001010101100000001000000011100110000010111011001000001010000000000000001110100000101100011000100000100000111100
000100010001010100010000000000010000000111000100000010000010000010001000001001111100100010010101000000000111111100010000001110100001010000011001000000100100110101010000001001001100101010011100110100010100011110110000000000010001011010100000111011000111100010000100000000100100000011001110001101001000
010000001000001110011000000000011100010100000011010110111010011100101100000000100000101001010000000001101001010101000000010011000010010010001000000001100000101000001010000000101001100011010000100000000100000010001111000000010100011001100010100001000000001100011000000000010100000111000000000010000011
000101010001011000101000111100011000010000001000100100010001010000010100110000101110001000000100010101100010000000000100000000000000000011110100000101100000010000000110000110100001000000010000010100001000101100000000001000011100011000010100000000000000000000011000100000000101000101011111000100100000
000000000111001110101100010101001000101100010010000001101001101011110011000010110001101100110000001001010000000001010010000100100001100000001000110010000010000110000000000000100000000100001000000001000000000101000010001000100001100000101000010000101000000000110011100010001100001000001000010100011101
001100000011000001100000100001011110000000101110101001100100000000000000000001000000011010010010000010000010001110000010001001000000100110010011101101001000001000000110110010110101100010000000100101001100001000000001001000000000100010110000010111010010000000010010010000001100010110010011000100010000
010010100001001010101000000001110100100101000010100011001010001010000011000001000001010000000000001000000000000000000011001101011111001010000001101111001010101100000010001011000001110010100001010010010100111100100010001000100011101001000110010000001000101101000000000100000000000000011010011000011000
000100011000000000000011110100100100001111001000100000110100011000000000010000000100110001000001010001001111100011011000010011100110100010000000011110010011000110100101010000000010100100000000000010001100100101100110110100100100000111000001000101000000101001111000100100001000000001110010111000000010
000011000001011000100000100011000000100001100101110010110010000000000001010100100011011000011111000001010001000110001011001000100000000100000100000010111100001010110100000000000011000000000100000000000001001000000011101011011000000000000111100101001101010100111000010000100111010000000100001011011001
000001100000110001100000000000010111110000010000000010011001001000000100100100000010000001000100100010011001000001000000010101100001000001010101000000000100100001000100010000000001010011001000110010010010100101000101000100000001000000111001000010000100000000100000010000000000001010000100000010001100
110000000000011101000001000100000000000001010010000101011100000100000101000010100010010000000000000000000111100100001010000000000001001011000010100111100001000001100110100100000010000110001000101011010000010001001011101010101000110101100000001110010100001001010010011100001100101010000010010011000011
001001001000100000011010010010110100011000000000101001001000001100001001010100011100010000101000010000000001010100110100010100100100011001011011100010011000100001010100000000110001000010100001000000000100001001110000100001101010010001010000001000001010000100010001001001100011000110100000011010001100
100110100010101000000000011001010001011101010000000000000000000100000000010010000000100010011110000000001100011100010000010001100010111010100001011110000010100100000110101000111000000001011010010010111011100010000111101100010011010000000100000100110100000011000000110100100000000000011000001001001010
001110001010111100000011101010000101101000110000110000000000000000000010000100011100000000000010100010000010001011110010101000100000011100010000100000000011000000100110000000100000100000011100000100000110001010010000000010010100000000110000001111110000000010000000011111000000110010001001011011000100
010010110100101000001111010000000100100100001001100110010101110110010010001001001011011001010001111110001000101100010010001010000010001000100100001010100100000100000100001100000000100000011000011010001000100000101000000100001010100010000100110100100000000101100001000110000101000011000100001000001000
000101000000100100000001011000001010001001010010100011010000011100000000000001001000000010110000000101001000001000010010000100100011010000110010101000100000100010000101011011001101000100100010101110000001000010001000110100000000000011000000000000000000011000010000100000000010000100000110000001100001
111000100001101000011000100010011100000110101001001110000000000100100110000011000000000000000000100000001001000000001000100010000000001000010001010110101001010010100000000010001011110000011010000011001000000000001001100000010001101000010100110000101100010000110000000001001011101000000000001000110001
000001101011010010011000010010100101001001100001001000010000000001000000001000000000001101000100100101011000110110100001001100010111101111110000010000000110000011001010001100011000110011010110000000001010000000000001000100100010000000010000101001111000001010010100100000000001100001000100000010000001
001001000000100100010100100101100000001100000000100101010000010100010001101010001011101000100100100010100000000001000000011010010000110001000010000001010100010001000100010100000001100010000001010101100010000001110010001100100100100010000000000000010000000001001100001010100001001110000000010000100111
001000000000000000101100110110010000010100000011011110001110000110001000000000001010000011100000000111001100000000000010000001000001001001100000011000000000100100001010000011000001000011000101100001110001000100000110000010000101001010000000101001000000101101001100011010000100100001000101000110010000
000010111101110000010000000101110100100000000010010000001001010010100111001100100000110000001110100000011011100010000001000010100100100000011111000010101010010000000000000100100000000100010010000011001000000000000001110010001010000010000100100011001000011000010100000011000000110010010001001000111000
000000010001010000000001000000000100001010000110001000010001000010110000010000101010101001100001101000001000000010000000100000010001110000101000000101001000101100000011000000101101000000010001100000101010100000001111000101010001010001110100000000001100011010010001000000001000010000001011111001000010
111000100100000000100000000010001100001001000000110010011010100001011100000100010100001000000001100101000000000010100111101000011100001100000010000110100100011010001001010000010000000000000000100100001100000100111110000011100000000100011111001110110001010010000000100001000010110000010000010100100110
000001010001011100000010100000001000101001100011001000100000001010010000000000000000010000100010011001000010000000000011001011010000010001010001000100110011100000001111000011010010101000001010001000000001000000100000000100100000010000010001001000001110110000010100100100100100100000000001000010000000
000100000010100001010100100001000000000001011000000000000000000011010100011110010000000101010000100000000100001110010001000011000010100000100001100001001001000100000101011000010000000011001000001110000001000010000100010101000010101100111000001110000001100110100000000001000111100001101110000010001000
000110000011000000010000000101110000001011001000001010001100101100010010100000011010000000000001110100101001100000000010010001010100000000110010010011000000000010100001100100000110101100000000000001011000111100010110001001011110000100100000000000101000000000100100010100101010001000011000100001110100
100011110110100010011001010001011000100010001000011000000101000000010000111000001010010000101101000101101111100010000010000011100000000000100010000000010011100110000010010000111000010000000000000000110000010000000001000010001001100100000000000110110000010000010001000111001100010110010000000011110010
000010011010111010101110000000000101001010000100000100001010010001010000100110010001011000001010111100101000001100001011000100000000000101000000100100000100001000100000001001000101000110001010111111000010000000100000101001000010100100010000010010101010100100001010010000011100010000011010100111100100
110110000000101101100010010000000000101100010000000010101100000100000000001010100000000010100010001010100011011000110010000101100000101000010100010001000001100100001000001001101001011110010101011000010100000000000001100100011001000000000100000111001010111010000000000111000110101010010010001000010001
000011010110001010100100000001001000110110000010000111010000000000000110011100000111001110001000110010001000000001101100111000000001100000000000000100010000000000000011000001110001110110100001001100100010000100000110000000000100001000001010100011000000000011110001000001110100010100001000000001100000
010110001101000001101100001000000000100001011101000101000110000000000001000000101101110101000010011100000000010000101100011110000100010010111010000100110001100000000000100001000000001000000010111001111000000100010101000100000010000100001000001010110000001000100000100001100001010000000000100010010111
100010100101111100001000000010000111001000001010000001010000000000100010000111000011001001101000011000010000000100000000000001001000010000000100000100001001010010100000000100100110001110101100001000001010100010000000010111011001001110110101000011000000001011000101011000100100100000001010000001100001
000001000010000001100001100010110100000111010101000000000000001011011000000011001001111000010000000100001001001000010111000101001100011000001010001000000001100000011100000111011100000000100101100010011011000000100110011000001000010100011000001100000101000001110010010100101100010000001001001100100000
000100001100001001000001010000000100100110010001100001000000010110010101000000100000000000101010001001000001000001000100000011000001101001111000101000110100010000001110000101000000000000001000101000000011100001000000010101101010111010101110101100001000010000000101000110110010110000011100000011010100
010010100000000010001000000010101110100000011011001000000000110100001010000000000110010110100000000110000001001011010010000010101000000011001001000011110010000001001000000111010001000101001011001100010100001110000000110100010011000011000000000011000000001001001011101000100001110000010010000100000101
000010110110101110100000000000100001100011010110110000011011010110100001110000000000101100100000010100011110100010000000100000110010000000110001000000100011000010000001101010100010000110000000100000101000011000000000001000000001101100000100110010010100000111000101000100000000000000110110010000011001
110011001000000111001101000000000001111011000100000011001010010010101001110010100001000001010000000000100101110000000001000001000000000000010000001100010111001011010001001000000111111011010001101001001000000101001001000000001010010010000001110011010101001010010101000000000101001000101010000111011010
000101110000000010001001010110011001010100000000111011000100001001110000011111111000011000000001001001000100000100001000101000000010100100001010110000011000000001011000000000110000110010000010011010011001100100000000110100001010010100100011000001000110000100011001000101000001110000100000000111100000
001100001100110100010000010011101100001010001110000010100011000110110100010100000100010100000110101000011001100000000000000000010000110010000100000110010010000001010000000010000000011000000011011000000010000000001100010100100101000100001110000001100000100100100101000000000001001011010010011101100001
011001110010101110100100011110000000001000000010010100001001100011101110000000001100000000110100011010000110010001100000000001110010100000010101011000110000000000111000010010011001100100000000011001010001100000000010001000110000000000000010000000110000000100100000000000000001010001010101000001000011
001000000100000000100101000100010100001100001010101100110001100000001010001100000010010000001011000010000000010000100000000000001011000100001010000100000010101011000110010000000111100000111110110011000000001000100000000000001011001000101000000001010100010010000001001000010100000110001100100110010100
000000000000101010100101000011000011101010010001100000001000010100010000100000010100010001100000000100111000100010111100111111000001000000000000000001001100100010000010100001000000100111100101110010001000000001001000000000110100110000000101000101100010000111100001011010111010001101000000000010111100
110001010000000000000000110011000011110001001001001010000100000100111100100100010010100000101000011110000100001001011000010000000100011010000011100011010000000100000010010001000001000000011001000100010000101000000000111000011010100101000001011000011000100000100001010001000000010000001001000001100000
101010000010000001001000100000011001111000110001000010100000000011010000000010001000010000000110000000000000000010000000000000101001101000000000000010000110010000100100000111010011000000011000001000001100100000010001001101001001000000000111001001111000100000000000000000011000001001100110000000010100
000010000000000000100001001000101000000000010100100001000110000001000000100011100010111101001000000000100000000000000111000111100010000010000001000100011100011001000100100000011001101001010110011010000000010110000000000000001010000011011100000100100110000001111110000011000001001010000001010011100100
100000000101001000010100001000000010001011000010110001010100101101000110000101100100010011001010000000000100111000001000001000010001101010001100000000000001010000010001001000111100000001100000001001010101011001010011001010000001111100010010001111001010000000000010110010100110001000000010001110100101
110000100010001101000000000100101100101001001000101010000000101010000001100110011001110111101001011001000100001001000010011011100000000000010000001101000101000001100001000000101101001001001100110000100111101000001001010111000000110010110100110010100000010010001100000000000011010000101010100100011000
000001000111011110000000000000000000100100001000000110000000000000001010000101011100100000010000000000010010000100000001000000010000001000000110000110000101100000010110110001101100001010101110000000010010000000010000100010000000000100000010100000100010000010010110000000000011101000001010010001001100
110001100001000000110111010000001010010010000000000010000101011010101000010000010010000100000001000010000010000101001011100000000001000001000100000000000011000100101000010101000110000001111000101000000001001010000010100010010000000101110001011000001101110000001010001010000110000000010001001100100100
000011000110010000000100001000011000001100101101000001010001000000100000000001110101010000001001000010001001010000001010100101100110000000111000100110011000111100000010001001011000001000000000000010000010000000010100100110000010001011100100000010011000100110001000100110100110000000101001100101011101
100000001111010011000001100000010101011000100110000010100000000000110001000100000100000111100000010001001000010100011010110101000001110000001101000111010011000000010000000000010000100101000000000000000010000000110000100000000101110000000010101110000110110111000101000100010101100011010010110010001100
000010001001000100000001100000001000100010001101100101000111111101100101000000000000010001010110001000010100000010000001000010010010000001010010111011000110011000000110001000100011000110000011001010100001101000010000000000000101110001010101011000000100001000000000011001100000010001010110111000111100
010000000010000000010001100110000000000000101101000100100000111000010000000011001000110000000000011010000010000110001100000000010001000000001100010001000010000010111000001000001110010100000000101110010000100010110011000110000011000111000000000000000111010100100100000000001011000101000000000000111011
100000100001001000100110010101001000000010000000000000110000000111000101001001010000010000001000010001000000000100001000000110000111010011001000000000100000001000000100100110010000010001010001110110100010010000001111000000110000000001100100011010011000010000000110101011010000001001000000101110010010
000000010100000010000110000100111000011000001000001100000000010000001011001000000101000100000001000110011000000110010000011101000101000000101011010000010111101000011000001000110010000010100101011001101011000000000101100001010101001010000100100100101110110101111110000000001000000010101010111000001100
001011010000010001000000000001000100100100110000001010001110001100100111010000000000000010001000000000000011100011000010100000000011001011011011001010001000001000001110010010000000100001100001000100101000000010001001000011000101000000000000101100100101000010000000101000000010000111111101110100100000
000010001111000000111000000101011101001010100100001001001001001011000000110011101000110101010001101100010000000110000010000011100101000100100111010001011010000000000000100010001010010001100001010100100011000000100110101010000000011100000100100000100010101000000000000001110001011001000001000010110100
110100100100010000101000010000000011000001101000000100001001010001000000000111000000000000010000101000000101000000000001010001100000011100001000000000100000100110000010011101000011101001010000010100001101001000000110110001000010000001000000101100000110100000000001000000011000100100001100111000100001
110000100000010001000110000000100100010000010000001010010000000000010000101100110100001000010000000001111100000100000000000010100000011101100110001110000000000000101000001000100010010111100000101010100010010010111001000000100001001010100100000000000111000101000100110000000001010000001000001010010000
001000000000000000000100000001001011011111000100001001010000100001010000010000110000010100100000001000100100000010001000000011110010110000000000000010001001000001100000101110000010011100100000100101010010000011000101010101010000100011000000001000000000110010011000000001000000101100010000010011111001
000110001110000000100010010101001100100010101101000100110110000011000000010000100000000110100000010001001001000101100000011100000100010100111000010000000110001001011010010110011100000001000100001001001001010111000001001001011000111000000010101100010000111001010000010010010001001001011001000110100000
000001001001011000010100000110100100000100001010010001001101001000011011001000000000000011000000010100010110110100110001000000000000010100001110100010100110011001010000010010011000101000001100000100010100001100000011000000000101000000101001101001010000110010000100000001000111010000000000000001001011
010110100000000000010100000000010000011100001101100111101001000000100001000100101000001000000010000000000110000000000101100011000001011100010000000000000101000010000101010000000000110001001101001010001000000000111000111101101010001000000010000000101010001000010101100010010110011010101010100011001111
010011010011000100010101000000000011001110001000001011001000000000000101001000001110110010010010110000100000100011010000100000011000000000100100110001010001010000100100100000000000011001100010000110001100000100010001100001010100100100000011110001010001000001010000101010100100010000000010011101111010
101100011000100100000010110001100011000010011001100001010100000000000100100010010000000000001001000000100100101010000111011000000011101100001000010100001000111100010101010000001000001010000110011110010000000110000011100100101000010110111000100000100000001101001000100010000100100010100000111100000101
010001100010000111000001000011010101011111010011000010001110010010001000000100001000000100000000011000000000010010000001111000000010000000110011000011000001010001000000100011000000000000001001100100000100000000001110000100111111000000001001010000101010010110110000100000101001000001001001001011011000
000001110001000100101000010011110000010111001001100000001000110010000100010110000100101000000000000100100010000000100100010100011100000000010100001000000000010000000000110110001000100010000000101100100000100010000010000000001000000010100000010001101000001110100000011011001001000001000000100010001100
011100010000110100000010111000001001001001001010000000001101001110101000000010000000100000110100101010001110011000111001110110000010000000000111010010111100010100100011011100010111011000001000000100000010010000000000010111010111001000000000010110100010000001110000000110011010101000110000001011000000
000010100110100000000001100000000000010010100111000000000000010000000000100010010000011000000010000000010000001111000100001000010010111000000100111000000011110101101011001000010100001001110000110000010100000100000111000000000000110110111101000000110100100000000101100101101001000110011110000010100000
100000001011111100010001110100000000000010000000000010011001000100000000010100101110000111000001000110010001100010111110011001100001000000000000010000000100100000100000000101001111000000000010000110000100101010001000000111001000001010010001010010000010110011101000000000100101010001000110010000000000
111100101011001010101001101100001010010011101010001000000001001100100010100110010010001000001000010000001110100010000010000001000111000000001001010000000011101000000001000001110011011000011110100000100101000000011010001011100000000101000000001100000011000000010001010000000101010110010001010001011010
000110111101000101010100110100010111100010001000000000110100101000011000110000000101110000010000001000000110010011111100000000011000110001010001000001000110000000010010000000010001000001110010000101101010001001001001010011111010100110000000000010000001100100000010011010001000000100000000000010000000
001000010000001100001010001000110100000100001100000010000100000011010000111101010000101000000101010100100110001000010000100000001010100000000100110010110110100010000001000101010001100000110100000010000110010100001000000001000010101000001011100000000110000101001010000000000100000110001110110100100000
101000111001000100000011010000100011001000000001010000110101000101000110010100100000100010010000011010011011000011000001100110010000100010111000100001001001111000010000110001100101110010010001100111000000000001000011010000010011011010011001001000000100000000110000100011000011110100010010001011001010
010100010110001000000101101000010001010110010000010000000010100010000011000100000001000110101000001000000010001110000001100100001100010001000000100000110111001010000010110000100000000110001000101001100100100011010100000001000001001000000000100100010000100000010000010010000110111100000010111101100001
110111101001000100100010110100000000000011000010011000010100111001000000010010011000100010100001010000010111100010000001110000001000101000100100000101000000010000011000101001010000000101101000000100000010010000000001010000000010001100101000001101100000001010100010000100000110110100100110100100000000
000101000111000001001010010110010110010000110010100000010000000000010100011100101001011110110001111110010000100010110101100100011011100001100010100000001001000001000110000100100001010000110000001001111010100001101000000011001000000101010001010000010011100011100000000010100011000000000010110010000000
000010001010011000011011110110100100001000100000001010100011010000010111010010010010110000110100000000010110000010011001000000110001000110000011010000100100100000100000000000010000011000010000110000000000110000000000000001000111100001100100000010000000001000000101011110100100011100000010100100111000
100010100001000000011001100011100010010100000000101010100101101001000010000000101001010000100001101101111000100011001100000110100100001010001000100100011100011000010100001010000000101000000000110000100000010000001000000000100001000010100000000000010001001010000100100000000101001000000001010010101010
011000100010010100010000001100010001001000000000110010001000000000011011010001000001100100000000000100000001000000000110001010000000010010100000000011001001001110001001100000010011100011001110100101101000100000000100010011011000000001001000100000010000011001100000011001011000000000100000001100000101
000100100000010001010001001011100010000001000000000100010100000000000011110001010101000100001000000010000010111000000000000000101011110001001000010000000000010010001010000000100001000000000100100001101010001000010001000100000101100110011000010101001001100100011000000001001110001111010010000010000000
000000100011000010100100000000100000001001100011011000001111001011010000110001000000100001010010011000100010010000110101000001000101010010000010000110000000010001000001000000111000000000000001000110001010000000001000111010000000001000010000000010010000010000100000101000000000110000100001001000000010
100000000000000000000110110010000000100000000001011010100001011010000111000110010100000101000000000001010010000110100110000000000111010010000101010001000000000000101001001000000100000001000000000000100010101000100001000111110111000010000001011011011001100101010000110001000100000000100001010000100100
110100000001011100010000100011000100000011000001010000000001111000001001001010000000010011110111100000100000100000100000001000001000010001100100000000010000011000001010100000010001100010110000000000000000010000000011000110000000000110000010000001010110001011011000100111000101001000100100010000101001
100001100100000110010101011001101001010000000100000111100100010100001000010010110000110101010100010000110110010000110001110010011010100000110100000000001000110000001100010100000000100100010100010000001000010000100001000011100000000000011000000010000000000100001001000000010110000011000000011100010000
000001000100100000111000011010001001001000111000010011001010100101011100000110100000010000100110000001101010011101011110010000100001000110001000101111000001011101000011010011101000100010101101010000010111000001000101010110000010100010010000100011111101000000010000001010011110011000101000110100000011
011000010110100000010110010000000000100000000000001000101010001000000000000001100001000100000011000000101011000000010010000000000100010000010010100000000010110100011000101000100101010111100001100000001101000010000010000000000001010000001010010010100000100000100100000001010000000110010010001100100011
001010000111000001000000000010111000000000001010100100010000001000000111101101010000010000111100000010001000110100011010000010000000001000000001010100010000000010110000111010001010011000000100000000001011000011000100000001100000001000001010100101001000001010000101101000000001000000000010010100110000
101110110000000001010001100000000100010100000101000001010100110111100010001000001011100001010000100101010100100011110110000010000000010000111010010100011000101010110110110001000100000000000100000010101000100000010011001100000010100010010000000010000101000010000100011000000101001000000000010010000000
000010000010100000011101010010110000000110010000010000100000000000000101110000001110010000001100100010100100000101000001100001000100000010000110011100010001000000100011100000000010000111000000001110000010101100011010000000100000001100000011100000110000000000000001000000000101000100100010010100000100
001010001000000100100001010011000000011000110111000000100100010101010000000000100101001000111001000000100000000000000000000110001000000000000100000111100000110000100101000100010010100000101101001000000000000100010010110111100010010000101000100010000000101000001000100101101000000001110011010001110000
000101110110001010001000001101100000000010011000010000001100010001000101000000001000000010001000000100000110010000000010000000000000000110000100001000001000000100001010010000001001000010000001110100000101100000000101110001010010010000101010111000111000001101011000000000010010001100001000000000010100
000110011101000100010100000000000001000011101011011010101010001000000010100110000000010000000010000000100001010000000100100001110010001101100110000000000011101010000011000101100110000010111100010010100000100010001001001111000001011101111110000000101001100000001010001001101100000010001000000001000001
101010110001000001000010000000000100101000000000000001100100000100010000011100111000000110000000011100010000010001001000010100001001100000000100001010000001010000000011100010000101011111000100001000000011101100100011101101010001010100001100000110000100000001010001000101010010100000011001110000001111
110010100110010000000001100001001100100000101100001010011100110101000010101011001000000100001010001011000010000100100000011001000001000010100001011110000000010000000100100000000100000100000000000000000000000000110000000011010001000001010000111010001001011001000000000110100011000001001000010000000010
001111001000001001100111110000000010000000100000111010100010000000000101000100010001000011010000001000100110101000001000001101000000010000000000110010000000110101000000001001000000110000110001010000011100000001111000010110100100100010000100001001000101010000000111010001000000001011000000001010000100
010100000000000000100000100000000000010100000011000100000001110010000011111100001000011000000100000000000000101101011001010101101000110000010100000010000010001000010010000101010000000000100000010000100010100110000010010000100000001010100001010011100011000101000110110111000000010001000001000000110011
001010110001000000010000010010000000111001000011000000000000000000000001000011100110100111010000010000000001100101001100111000011011011011100010100110000001000011010100000101101000000100011110100000010000011001001010110000000000001100100110100010010000000001000010110111000001010001000100011000100010
001001001101010000000000110010011000001101010001001001110000000000001110010010000010100000001001000001011100010010011010010000000000000110010001001000000000101001100100000100001001000001000100000001110000000110001000101000010000000000000110000101101000100001000001100000000101100101011001010001100000
000100001001011001000001010010001110010110010010000000000000010001000000111111010100000000101110000000110110000100100000010100000100100010000010100001000010010000010001010010000000111001011000101101000110100001110000000000000000000010000000000010000101100001001001000000101010111010000000100001100100
010000001010110011010110011000100100010010011100010000100000000000000000010000001100100100100010100011001010100111110100000100011100000010110000001001000010000000001011000100001011001011000110010110000010000000000001001001010100000000000000000001001010111100110111111100000101010001001001000001000010
000011001110000010001111110100000101101100100000000000100010000010010000010001011000001000100010000110001000000010000100011001100111100000001100000001000110000001110001001000100000110000001100011001011100000000001010001010000111000010001010000010101001001001000100000110010101010111011000010100000000
001001001000100010111000101100000000001000101000001010001100111111001001001001100010000100010001000110010100011010000000000001101110010000000000110000110110100000101000000000100100000010111001100000001000000001000011000010000001010011011000010000010101000000010000010101011001000000000000000110100000
000000011000010000101001000000001111001111000010111011010000000101100110000000110011000010011000001010110110100010111100100110010000000110001000010000001100000000000010000100010001000111101000101100010000100010000000000100001001000001000000010100010001111010000000000000001010010010100000010010000000
111100000100001000100000000010010000110101010011000010000000100100000110001101000000011101011000000110010001000000011000010100000010001110000010100010000000111000011101011010010000001001100001000100000011100010011000100000000000010000110100000100010001111000000101101000010100000011011001100010001100
100000010111000110110010000000101011000000001000001000000000000110001011000011010110100000011001101110000110000000000110101010010010010000010001101011000001100100000100000110100001100001010111001110010010101010100101110000000010101000000001000010010011100000100101110000001010000010000100000000101100
010101000010010010000000110100110110010001000010011000011000100000000010000010101110000000100101100100100110100001000000100111100001010110001100100001100000000100111100100001100101001000000011000001000001010100010010101100100000001001100101001000010101000100101101100000001101111001000001100100000000
010000000001010000000110100100010001001000001001000001010100000000000011100000000000010000000100001101001010100000110101111000100000011000111000000001011100100010101000010001001100011010110000001000000100001000101000010100110100000000001000001001000000101100010000100000111000111100000000000101000000
110100000001100010010010010010000000101000010000001100000000100000010100000100000100000000100001000000010001010010010001110000101110110100010010011010000000100000000010000001001000100001001001001000000001000000000110100000001000000101010101000101000010100100100001100100110100100001000001000010010001
010000100000100001010011100000000000010001000100001010100000001101000001001100000101000110111000100000011000010010000100010001011000000000010100010000000001000101101100100100000000010101001110000110100110001100100010001100000000000000101000010101000100101011010010010010010010000001000011001000000010
011000000010000000100000010101011000001100011100000101100100100000000010011010100100010000010011000000010010000000000111000010011000000100001110110101100000001000000010000110000001001001011100010100000010100110001110000011100001000000000000010000000000110001000000000000010110010010110110001000100100
100000100010000100001100000001010100001000000000000000001010111000000100101000000011000011000010011110000000010000010101000010100000100110110110101001000011000100001101001001100000000100010101011100010101000000100111000010001100000100100011010100010001000111000000100010100000010001000000001001100000
010000001000010011010010111010000101101010101100100101101000000011000000110000001000000000000001000011100001000000000100000110100010000100000010100110000000000000010110110010000010001110001011000000010000000100100100010011010010100000110011001000000010001000000011010010011000100000100010000000000001
001000100010000000010000100010000000011100100010000000010000001010010000111011000001110001000010001001000000000001100000111011100100100101110000000000001001011000000000100010110010000011000111010000101000111110000001101110110000010000011000000011010000100111000000010100000000110010000011111010101100
010101000100010001100000100111111000000001001000101010001001000001101000001000101011000011100010000001011100000100000001000100101011110110001100000000000010001101111001000010100000000100001011100000010010001001001011110001100001000000010001000011010010000110111101000000000000110000110000000100011001
100000110100101010000100010010010000001001000011101010000000010110000010011011110110000111000001010011110100000100100010000011000000011000010000110000010110101101000001000100000010001010000100111001001110001000001011001001111000100000000100100000000011001000000000010000000010000000010010000000100000
101101000001000001010110001000011100010010000000001100001100100001101000000111100000000100001010000010100000010010000100100000000110101010000011000110100000000000000100000000000110010100101001100010000101010000000000000001000001100010101010001010000100101100001000110001001000000000000000011010110100
000000000000000010100000000001001001010110100101000001000000000010000100000100000000110000011001100000000000010010100000001001100011000000011011010001010000000010010010000001001000110010001000001001001000100000000011001010000010000100000100010010000100101110011001001001000010010000000011001110110010
101100000100000000000000010000101101100101101110110001010001110010100000000000100010111001000001100101000110011001000010001100011100001001100000101000010000100100010001010001010010010000011010010000100100100001000010000001010000110101110101100101000000001001001001000110001100000000100010110010010000
000100000101000111100101000110100000011001000001100011001000000000001110000011011110110000010100000001100010100101000000101000000010010000001000000010001101000001011010000000000000110000101010001001000000100011010000010001000001100000000010010101000001000100000001001100010000000010010001000000011000
000010100000000011000000111100000000001001001010000000111001000000110000010000001000010000001010101101110000001100000000000001010000010010101100100000000101110000100010000100000011001000000001000000100011000100000001010001000100110101000101001111010010001001000001001010010011010100100011010001100110
011000100100000000000010000110000010010000000001000101010011000100011000010010010000011100010000101000010011010000000101010001001011000000001100010110000001010001000000000000101001000100000010000001000000001010011000001000010100100010001000001010010100000100010100100000010010010000000000011101111001
010001010110010100000000001111000000000000110010100000110010101000000001010010011000000000000000011010100010100100100011100100000111110001011010000000000000000101001001011000100000100000000100000011000100010100100000010100000000000000000000001000000011000110000000000000001001000000100010001000000100
011000010000000000011000100000100110010101000001001110011100000000100000010101100110000001100001000010000100000100000000000010011001010100000000000100100000000000100000100101001010010000000011001000010000011011000001111000011101001100000010011010001010010000010011000001100101000000101000000000101011
000000011101110000010001000000000110001101000110000100000001000101000101001010100000010001000101001000000010011000000110100000010010000000100000001001011001001000000100100100010001100011010010010111000010000011000101000101110001100001001000010001000101001010100001010000101000000001100000001101010001
010001011010001011010000000010100110100100110000100001010111000110000000101000001101000000001011101000010010010000000001000101100010011010110010010001000000000010000010001001000000101000110011010000001001000001010000010010100100000001000000010001100010000010001000000011101000000101110000101000010001
011101000100011100001100001010000101000011000011000110000110110110010000010010001100110000010010001110000000010011001011000100000001000001100100100110111100000100100011000010101010000000001001000110101000000001001001110100001100100000001000101000100000000000100100000000000010100100110001100000100001
100000100000001000010001000100000001110000010101010110100000000000000100010100000000001010000000000010000110001100100001001000001000000101101000001010000110000111010000000000010000000001001001000011001000010010001010000001110000010000111001101110010000111101000000000000110011000100000100001100110000
110010100010011010100010000000100100100000111000100010110000001011110000101010000100001011000100000000001000001100100100101001100100111100001000100110010110010001000001000001000000001100000101001010010000010010000110100000000110100001111101000100000000000000000100111110010000001001001000000100011010
000000100010000000110000101001111000001000010000100011100100000100000100101000110001011000001000000001101000100100001000000100010010100000110000000011001100001001100000000001000101100100010001001011000001001001100000010101000000000000011000000000010010010000110100000110100000010000001010100011000100
001001000000110001000010001111000010000001001000000000100100010001000001000110001101010100000001011001100111100000000101011100011110010000100000000000010011000001001100000110001010001011000010100101111110010000101010110100011000100000110000000000001000110100000001000011011010010011001110100001100011
010110100110000010010110010010001000100100000010011101011111010101100001110010101100101001010111010110100111000000000011000001101101000000101000100101100001110001101000100101101010000100000010001010000010000000001000000000000110101000001010001110100100100000010010001010000001101010101010000001001100
000100001100000100000010001010000000000000000000000010000100000011000110000000101011010001010111100010010100011001100000010000110110100001010000010100000110001010000001000000000001001011011000011100001011100100000010010110100001000010000000000010010110000001010001001010001000010000101000000000100000
011000100010001000011111000000011000010011000101110000011000110010010000110000101001101010000010001100010101000000000101010000001000001000001110010111101100110000111110010001000100110001010001101000010000001010000100100101001111000001001001100010011010000010011100000011000010001000110101110001000001
010010000000000011010001000100110110000000100000100000100100000010000001010110001010100001010010100111100010101011001001111011000010000000000010000001001100000000100000010100000000000101000010000101010000000100101100000000010001100110000010001100101000000110011000000101000000000010000010000010011001
011000101101101000010100001101001000000000000001010101100000000010000000000101100000000001011011100001000000101010001000000011101100000101001100000000000001101001100000101000100000110100000000001000100100110010000010000001100000100000000100010110101101111100010100001010000100000111000000010111000000
000010010010000100000001010101001110000100100000011010010010100000100000001001001011011011100000110000010100000000100010000100000000000000011000010000000101100101101000010010000010000101001000001010000001000000100111001100000001100110010110001000000010100000010010000000110000100010000100011110001001
100100001100001010000000000000001100010000000000010010000000001100101100100100010100000000000000000100101000001011010010010010100100100000010000001001001000001100010000000000000100100010010000001001000000001010000000000010100110010010100110100110010101000010000000000100100010000000010001011010000010
000101000110010010001010001010001010011001001001000010000110011111101010100010000000000010011000000100001010000110000000000001000010001100101011000110101000001111100000001010010000010010000000110011001000101000100000010000000010110011000000001000110100100001111000110100000001000011100100001010010100
000000010000100001101011000110001001000110100000001000100000000001010010011100101100000101001001001100000000000110010000100001000110001100000000000001000011010100001010001000100000000010100101000010000100000100001001000000010000011110001001000011110010000000100100100000100100100000000111000010000010
101000000011000100110000001100000100111100000100011010000111000000010100011000000001101100100001000110011101110001101010001011100101010001000000011000101000000001101000000001000000011101000000000001000010110110010010011000111011000111000000100000010001000000000100010000110010000000001010101000000001
000100110100010000100000000110101010101000011000100011100100011100010101110100010000000010110100000000011100000101000100000000001101100101000000110011000001001001100000100001100001000000101000100111010100001100000101000100001000001000110000101001001000010000101000010010101100000111001001010001101110
100000000000010110001100111100001000000100001000111000100001000000100001010001000011101100000001001100011010011010000001001001101100001011101100001011010001100001101010000100000100110001111100001000010000001000010000000110001010010100101000000011100001100000110100001011000010101100001100001000000000
000100101010000000010100100011100011101101100011110000100000000100010000010000100010000110001100000100010001011110001101110010110010010011000100000111010001101001010000010000011001000101010000000111000000100001010101001110100000000000010001010101011000000000011001101000110000100010010010010100000110
001110010110010010010000101001000100000000010110000000011010001001011000010000111100100110100110000100000110000001110000000000001110111100000101001100011010000000111000010000000110100001010100010001011010110100000010101100011001001011101000000001001010101001000100000100000011010010011001110100000110
000100000000000000000100000001001110001101010110000000101010001010000011100010010100000100101000010101101010000100100001100001010110000111010000010001110100000000001110000101110000000000010100000100000000010010010101000000100100011100000000001001000010001100100100010100000101110000101101000111010000
001101000001000000000000000000001001000001000011011001000000000000000000000000010001110110001010101000000000101000000011000110000010110001000100001000000110100001001100100001000001000010000001000100100000010110101010000110000001000110001011001111001000110000001011100001000001000000000010000011011101
000010000101101001000000000011011011000001100011010000000001111010000101100100011000001000000010000111000110110010100001000000101000001000000101001101000100000000101000100000110100001010000000000000100000010100010001000000001100000011100001001000000000100011011000000001101010001100010000100010101001
101100110000100000001010010000001000001101111100000100010010001001000001100110100101001001001100100001100000000100010000000100101000101001001000000001000000110000100001010001101001000000000010010000111011000000101010010001000000011001000000101001000010001010010000000000100001000001000101000011100000
000110000001001000110001100001000001010111010010000111001000110010011010010100001010001001100101000010010100000011010010001010001000001111000010000000010100010010100000000001000110001010000101001110000100000010001101010100000101001001000000000000000011000010110010000000011001000010001001110110000001
100001111000000000001001000000010010110010111110010110000100000101010000010000010101100010011000111001001000110101100000100000000100010100100000000000011000000000001001000010010000000100010100000101011111100000001001000000000000101001011101000000000000000001000000101000001000010010000101100100000110
011010000100010000000001000010001000101000100001100001000011001001011111010001001000000000000010010000000011000000000010000000100001000000000100000100001100000010001100000000111100101000101110100000100000000000101000000001101110000010000100111000011000011001100000011010000010000001000000100000000110
000000101010011000011000000000100001000010010110000100001011000011011010000000000000000111000000100010000000001000100010110011101000000000010100110010100101000000001101110010000001100100110100010100010100000000000000100110000100010001000000011001111100001000001100000110001011001011100000000000000100
000000100000101000001000110000011001011100100001000010100010001010000100100010000111000000000100100100100001110010010000000010100000010110001000000110001101010111110010000010010100101100100001100100000100000000010011000000010100010000001011001000010001010001000000001000011001001001000110100111000000
100010110000010101010000000010010001001000100101000000001101001010000000001000000001000001000000000001010000110001110110000001010110011111000000001000000000000001000100000000010010010001001001010011001001000000000101001101010000100111000000101011010111111011100000100011101000001100010000101101011011
011000001000110011000001111010010000010000000100001000110000010000000000010000001010001000000001000100000001000001000000010001010101010001100000110000100100001100010110000011000101011110000000011010010010000100100010000000000000000001011001000010100000100101101000001100110011001001010001001000000000
000001010001101000010000010110000001011000000001000100100010000000011010000100101000001001100000111100100101000010001011010000000100101000100101000101011101100000000000000100101010001001001000001000010100000000001110101011101000010000000010000011100000000000101000001000000010100100000001100000001011
000011010000000100001011110000000101010011000100100010000110001000011110001010010100110010110000101000001000000011111010110001100000100001100011000000100100100000000100100011010000000101000000101010011010101011000001001000010001000110010000000000000000011010110100000100001010001001101010111000001010
110110100001010000010000100001011001001001001000001100000011101000010000001101100000000001010001100110110101110101000010011000001011000000100101001111011000011000010000000100000100000000101001000101110110110100010101110100000010000100010100100000000110001000001001000101001101000000100010010000000000
000100110010101010000000111010000100011010101010000000100100010001110001001000000100000000001011000100011101010010001100100100101000010001000000000000000001101010000100011100100000001000000100001010000000101001111100000001001100011001000000100000101110011000000100000110000101000000111000011100001000
001000011010000010100000000000000110000000000110000100011011001010000000001001010000000100001000000001000000001100100001100000000000000001000000000010000100000001100000001000010001010101000001110100001110101000000000000000000000000001011110001000000101010000011110000001001100100100100011100001001000
111011111010100010001011001010000000110110001100001000010100000100000000001010101000100000001000010001010001000100000000000010001010001100010111000100000000101110111010100110101000001010001101010100001010110010100100010000010000100000100011000000001000100100001000000100000100100000101110110000111000
110000000110010000000000100001000100001010001001111100000000000000100011000000000100000110000001000000110001001000000000010001101001111001000001001010000010000100000000000000000010000000010000001000001011000110110000000001011001000000000001010000010000100101000110000010000000100001000001101110100101
110000010101000000111110001001100101000011011000000010010110000010100101111010110010000000100100000001000001000100111001010000111011110000001110100000100000001010110000000000100100010001100000001000101000001000001000000110000100101101000100101001101001100000000000000100110001010000100000010000000000
000010010100001010001010001100011000010000010010000000000000011010001001010010101010000001101000000010011100000000010001000000100101010100000000101101010010001000101000110110010001000110001100000001011010000110000010000010000010001000100110011001110001101000100010000101000000010110100000010001000010
000010000000001100101000001110001000000000001001010000000011010000010010011001000001100110000000000000010010101000000100000000001110010010100011001100001000000000111101100101111100010011001101000000001100010100000001101000110110011000010010101000010001000110111000001011000001000001000101010101000100
001000010001011011010000111010010000000000100101000011001100010010000110000010001000000011010000000000000000001010110010000010000110000110000000000010000111110100110110000000011000100001001000000010000000001010000100100000010100000000011101100101100100001000010010101000000011100100100100001010000000