00110110001000010011101001000000001110101101101100
00111000110110101100010000010101100101010000000001
00000010000001101111100101110101101111100101001010
11001101111100000000001101000000101001101100001000
10100110100000110000101001010010110101110000100001
01000000011010011101101011110110101000010101110111
00110000010101101000100001000101101110101100100001
00000100000111101101100000101111101010000010100000
00101110000101101011110000000001000101111100001111
10011110001100010100011101001000001000101111101001
00100001000001010110111101000010001110101000111100
01111111101010111100000110001010111110101001100100
11001011110111110101001110000001110100010111110111
00101100011100110111100110010000001111101100001011
01110100110110011101111100101100000001101010010101
01001100000010111110110100010000001000001100010111
00100100001100110111110010011101101110000001010000
11111111110100001100110000111101000010001000000001
10101001001110000110000111101101100001100001100110
00011100000000000101110100111110001001000110001001
01110101110100100110000110110101000111001110100000
00010101100000001001110000110010111110001100110100
11110100100001010110101001011111100100000110011111
10100100111100000000010010110110001100110001000100
01101100111110100111100001110111110110100100011110
11111110001101000011101111110100001110100100111110
00000010011110010001000000011100101001101111100101
11110001001010110010110101000010001111100111100111
01101010100010100000010000110001111111100000001011
10010110101111110010100001101111101110100101100101
00101000011110100010010100111101100000001101101100
01110001110111100001100110010000000111100101100000
10010110001010010010101101011110000110010101000111
11100110011101011101101110001100000100101010100001
00011101111100001001010110000010000100011111110000
10111101100110111110100000000000000100000110111101
01101101010110100011111110010111001000111101011100
00001110000000101010101110110111100011101001010001
11001101100100101100010111110001110001010110111101
00101010110101010101101010101010010010101000000000
11101110001101010101000101010001011100000000011001
11010110010111101100000111101000111100001000001101
01100110110110111110110111110000100010000001110100
01110000000001010001001100010000101001001000001000
00011101010000101111101010011100111111101000111101
10101111100000101101110101010111100101010100011001
01010100100001000111100111110100110110101010000001
00110100001000101000011111100011110110100111100000
00000010011110010001000000011100101001101111100101
00101110000101101011110000000001000101111100001111